#/n/fs/ragr-research/projects/fastppm-data/bin/simulate.py --mutations 2500 --samples 3 --coverage 1000 --seed 3 --output sim
# GMT Sun Oct 13 15:05:25 2024
# 
0 2108 1857 822
1
2 1402
3
4 1134 2441
5 949
6
7 1888 2253
8 156
9 629 2204
10 1220 1387
11
12
13 41 2172
14 2285
15 326
16 1508 2361
17 61 1963
18 2481 2143
19 1570
20
21 43 1328
22
23
24 763 363
25
26 2145 2335
27 1398
28 709 1127
29 1082
30 2400
31 1321
32 789
33 1759
34
35
36 939 753
37
38 1273 2041
39
40 1778
41 872
42 52 2423
43
44
45 2420
46 710
47 1157 1422
48 1016 220 1952
49 351 486
50
51 394
52 69
53 1274 522
54 73 1262
55
56
57 1272 1745
58 399
59 98 1718
60
61 1987
62 1108
63 980
64
65 1390 1088 1227 1224
66 1140 2016
67 439
68 1986
69 1929 2260
70 1764
71
72 1954
73
74
75 1893
76 697 1470
77 165
78 370 1144
79
80 2346 2123
81 2436 1884
82
83 660 1023
84
85 1391 1044
86 2402 1805 801 1443
87 2022
88 2419 2035 698
89
90 1381 320
91 610
92
93 17
94 1502
95 1432 1865 1385 1660 2205
96 1030 954 964
97 75
98 1315
99 364 2392
100
101 1667
102
103 2452 827 2001 1298
104 984 671
105 15 716
106
107 601 2236
108 1003
109
110 1177 1930 2320
111 1583 1666
112
113
114 295
115 2368 1829
116 495 1648
117 245 200
118 1474
119 103
120
121 1471 1560
122
123 128
124 1125
125 2198 1307
126 1690
127
128 1304
129 712
130 1178
131
132 768 302 435 1120
133
134
135 63
136
137 1066 1423
138
139
140 1206
141 1189 359 216
142 1345 1791 887 1654
143 2375 1908 1436
144
145 1061 1405
146
147 1672
148 735
149
150 1238
151 1604
152 2085 1295 579
153 1445 1677
154 337
155 389 1945
156
157 607
158 877 101 115 2283
159
160 182 403 1185
161 2342
162 1738
163 758 1574
164
165 291 1870
166
167 1056 2301
168 313 494
169 683
170 395 956 879 1938
171 1235
172 1712
173
174 2363
175 226 1501 2254
176 100
177 1835
178 736
179 198
180 117 20 2255
181 916 1365
182
183 1845 1798
184 905
185
186 19 1862
187
188 754 2259
189 638 577
190 2169
191 535 997 113 1341
192
193 2048
194
195
196 1364
197 1457
198 2199 1860
199
200 1095
201 585 47 176
202 1355
203 1775
204 2167
205
206 2280 2471
207 924
208
209 247 578 1219
210
211
212 908
213
214
215
216
217 179 765 1296
218 1748 2405
219 2111
220
221
222 1547
223 133 228 869
224 1571 1442
225
226 527 2488 454
227 1228 2051
228 817
229 2121
230 786 44
231 483 693
232 90 690
233 1309
234
235 255 171
236
237 859 957
238 1534 1625
239 1801
240
241 513 147 1281 1876
242
243 277 2371
244
245 241 2084
246 928
247 118 1753 1976
248 1878
249
250
251
252 2298 371 830
253
254
255 315 1536 668
256 230
257
258 1826
259 1043 1208
260
261
262 907 959 1958
263
264
265 762 769
266 376
267 388
268 257
269
270
271 730
272
273
274 2240
275 2066
276
277 1089
278 180
279
280
281
282 682
283 1916
284 1034 1409
285
286 692
287 1892
288 250
289 2192
290
291
292 1310
293 8 298 457
294
295 2165 992
296 1734 1191
297
298
299 438 2212
300 2416 2019
301 511
302
303 1372 126 2418
304 2097
305
306 1159
307 1744 1688 1035
308
309 501 2195
310
311 496
312 915
313 582
314 2029
315 2175
316
317 1359
318 850
319 744 2021
320
321 21
322
323 2448
324 702 1266
325 2421
326 2069
327 1143
328
329 2241
330 2025 1516
331 167 824
332
333 1226
334 1607
335 1343
336 711
337
338
339 655
340
341
342
343
344
345 1433 1037
346 540
347 814 1211
348 2454
349 178 2383
350
351 3 355 272
352 2327
353 192
354 772
355 1232 677 1000
356
357 1615 1414
358 1994
359 1541 965
360 1696
361 48 1240
362
363 1371
364 1783
365 55 1703
366
367
368 415
369
370
371
372
373 194
374 436 246
375 1344
376 784
377
378
379
380
381
382 591
383 1333
384 1885
385
386 71
387 210 2466
388
389
390
391 843
392 1017
393
394
395
396 1489
397
398 1071
399 1771 2437
400 24 347
401
402
403
404 1941
405 752 289 343 2266
406 883 1993
407
408 2485
409 116
410
411 2381
412
413
414 849
415 1494 2006
416
417
418 181 1303 1588 1984
419
420
421
422
423 920
424
425 1733 665
426
427 1794
428 1425 1353
429 1679
430 1597
431
432 1644
433 1490 2350
434 1317 1366
435
436 102 409
437
438 599
439 861 2439
440 466 1868
441 1255 2287
442 119
443
444 2477
445
446 1417
447
448
449
450 1816
451 1033
452 1842
453 327
454
455
456 453 955 1249
457
458
459 1085 1481
460
461 1670 1913
462
463 767
464 2039
465 2364 1485
466 2056 391
467 84
468
469 562
470 1657
471
472 1989 402 987
473 733
474 1671 412
475 516
476 1073
477 851
478
479 777
480
481 976 2089
482 2014 1204 1900 2193
483
484
485
486 470
487
488
489 13
490 823
491 296 576
492 2091 1013
493
494
495 244
496 1871
497 2092
498
499
500 2496
501
502 1408
503 480
504
505 2225
506 2358 203
507 1229
508 2102
509 960 588 1533
510
511 1363 2065
512
513 191 141
514 532
515
516 1340
517 565 792
518 1102
519 2171 2355
520
521 880
522 1510 348
523
524 544
525
526 2440
527 926 1362
528 240
529 425
530 2487
531 149
532 615 1699 2209
533 2256
534 205 2214 416
535 2077
536
537 450
538 1332 2237
539
540 451 189
541
542
543 154 1028 1251
544 64 417 1998
545 1832
546 1401 1014
547
548 1145 749 1770
549 1807 508 1420
550 1792 1673
551
552 35 1045
553 1787
554 1483
555 1817
556 1070 1966
557 130
558 11
559 1663 780 1617
560
561
562
563 840
564
565
566 2202
567
568 951 1621
569
570
571
572 239 1406
573 2217
574
575 357 967
576 323
577 2380
578
579
580 2476
581 1593
582 473 2278
583
584 254 1789
585 972 1943
586
587
588 1275
589
590 1668 594 1358
591 1176 1117 2331
592 127 190
593 1454 1460 1828
594
595
596 2187 1919
597 2411
598 2309
599 431 1964
600
601 779
602 290
603
604
605 1619 604
606
607 1484
608
609 400
610 1658 930
611 294
612 1210 2458
613
614 881
615 344
616 1546
617
618 1416
619 1700 901
620 672 1612 1267
621 1779
622 1788 1084
623 99
624 1944 2288
625 839 2151
626 1101
627 2002
628 613
629
630 1500
631
632
633
634
635
636 732 2494
637 1750 2170
638 663 589
639
640 1027
641 1430
642 1130 2484
643 459
644
645 1554
646 998
647
648 632
649
650 1396
651
652 707
653 788 1565
654 774
655 268 1194
656 379 539
657
658 636
659 1072
660 269
661 1050
662
663 30
664 16 1594 92 771 1280
665 2493
666 1834
667
668
669 1545
670 1844 18 1054 1287
671
672 492 249
673 2258 2469
674
675 1873
676 968 990
677
678 1854
679 157
680 571 2223
681 1537 136
682 995
683 1631
684
685
686
687
688 1113 1917
689 2250 1872
690 184
691 1642 506 1026 151 1622 1079 2026
692
693 866 2277
694 2489 598
695
696 2406
697
698
699 821
700
701
702 590 1001
703 620
704
705 2398 1635 1806
706
707
708
709
710
711 1591
712 462 1217
713
714 1269 2430
715 809
716
717
718 33
719 713
720 428
721
722 745 1543
723 891 581
724 741 1015 1887
725 440
726 631 999 1899
727 2185
728 1971 96
729
730 1955
731 747
732 552
733 1098 1814
734
735 83
736
737 1174 614 507
738
739 1290 1542
740
741 2385 202 1373
742 721 1531
743 2274 637
744 161 2220
745 312 1036
746 414
747 310 938
748 314
749
750
751
752 2098 1369
753 1564
754 2464
755
756
757 766
758
759 382 2468
760
761
762 264 856
763 188
764 372 1399
765 886
766 65
767
768 225
769 2432
770 1652
771
772
773
774
775 1813
776 1329 1803 2160
777 252
778
779
780 1427
781 1595
782
783
784
785 162 2343
786 1526 2100 2433
787 1728
788
789 1697
790
791 1937
792
793 921
794 1863 2244 1094
795 36
796 158 2191 1639
797
798 525 1535 1757
799 811 2200
800
801 2181
802 1107 1877
803 2333
804
805 2246 1282
806 138
807
808 1153 499
809 927 336
810 1499
811
812
813
814 2443
815
816 2028
817
818
819
820 42 284
821 1864
822
823 804
824 479 1458
825
826 77 870
827
828 397 406
829
830
831
832
833 2215
834 1271
835
836
837 2137
838 114
839 2304 1493
840 373
841
842
843 325 947
844
845
846
847
848
849 309 760
850 1234 1912
851
852 546
853
854
855
856
857
858
859 1695 1048 2190
860
861
862 2284 593 1437
863 1773
864
865
866
867 731
868 1170
869
870
871
872 1115
873
874 1751
875
876
877 68 1725
878
879
880 2044 1121
881 1302
882 482 1922
883
884 46 729
885 444
886 2155 2486
887
888 2323
889 256 1599
890
891 392
892
893 105 616 1441
894 433 79 969
895
896 2450
897
898 1804 1197
899
900 27 1173
901 2300 316 2180
902 1742
903 2262 1196 918 568 1139
904 125
905
906 2295 1636
907
908
909
910 1856
911 1866
912
913
914 2046 635
915 933
916 1136 1847
917 31
918 367
919 1158
920
921
922
923 1083 1132 2478
924
925 1988
926 1261
927 106
928 2325
929 2463 1936
930 1346 1495 2061
931 139
932
933 60 639
934 2265
935 553
936 1393 1005
937
938
939 796 222 279
940 797
941 1257 2148
942 1846 353
943 802
944
945 1011
946
947 2094
948 1181
949 1380
950 1694 944
951
952 2321
953 1172
954
955
956 1137
957 834 1630
958
959 2074
960 95 34 882 1992 1769
961
962 626 633 704
963 145
964
965
966
967 2243 1413
968 297
969
970 2147
971 1629 2446
972 2359 214 1915
973
974
975 2004
976
977 248
978 1790
979 1517 1060
980 340
981 1836
982
983 703 498
984 1052
985 684
986
987
988 1486
989 919 2139
990
991 647
992 893 197
993
994 1838
995
996 2456 146 1682 1512
997 2045 1566
998 2110
999
1000
1001
1002 1858
1003 646
1004 1278 1711
1005
1006 140
1007
1008
1009 934
1010 871
1011 387
1012
1013 2316
1014
1015
1016 306
1017
1018
1019 1475
1020 1141 1691
1021 1100
1022 1155
1023 675 873
1024 1933
1025 975
1026 109 848
1027
1028 813 1334 1008
1029
1030 2058
1031
1032
1033 1645
1034 549
1035
1036
1037
1038 1662 455
1039
1040 1259
1041
1042
1043 2412
1044
1045 380 464
1046
1047 569 662
1048
1049
1050 1068 1479
1051
1052 1383 144 1606
1053
1054 418
1055 57
1056 658
1057 757
1058 2457
1059 1225
1060 318 426
1061 942
1062 282
1063
1064
1065 1376
1066 301
1067 1721
1068 434
1069
1070 1641
1071 361
1072 1193
1073
1074
1075 1723 2330
1076
1077 894 131
1078 441
1079 1151
1080
1081 1057
1082
1083 775
1084 678
1085
1086 1247
1087 978
1088 331 358 2473
1089 1800
1090
1091 1286
1092 1378
1093
1094 2387
1095 365 1461
1096
1097
1098
1099 523
1100 1880
1101
1102 1382
1103
1104 810
1105
1106 1758
1107 40 251
1108 2314
1109 2395 2261 2403
1110
1111 1752 2290
1112 1168
1113 1459
1114 166
1115 1308 2273
1116
1117 538 490
1118 1974 756
1119 2292
1120 1349
1121 1509
1122 737
1123 2027 793
1124
1125
1126 1118 443 2498
1127 815
1128 985
1129
1130 694 1469
1131 1361 2133
1132 437
1133 72 624 875
1134
1135
1136 1905
1137 750
1138 1946 1795
1139 2318
1140
1141 1640
1142
1143 88 333
1144 2015 445
1145 1950 1218 2182
1146
1147 596 2455
1148 2157
1149 2168
1150 1689 2177
1151 1927
1152 1822 2369
1153 1106
1154 1415
1155
1156
1157 2329
1158
1159 1686 1078
1160 1029
1161 2140
1162
1163
1164
1165 1456
1166 2431
1167 2247
1168 791
1169 299
1170 1063
1171 1187 1768 2050
1172 1318
1173 867
1174 1440
1175 948
1176 1550 618
1177 160 1190 695 847 1786
1178
1179 2461
1180
1181 2017
1182
1183
1184 612
1185
1186 58 1701
1187 530
1188
1189 12
1190 193 1049
1191
1192 854
1193 2055
1194 328 842 2425
1195
1196 2008
1197
1198 1649 2131
1199 1195
1200 2135
1201 627
1202
1203
1204
1205 1301
1206 1784 2272
1207 1626
1208
1209
1210 580 2349
1211 223 2233
1212 2106 2107
1213
1214 292
1215
1216 706
1217
1218
1219 1839
1220
1221 1573
1222 360 803
1223 518 1146
1224
1225
1226
1227 322
1228 1112 484
1229 515 2007
1230
1231
1232 2475
1233 623
1234
1235 510
1236
1237 1351
1238 1032 2281
1239
1240
1241 1038
1242 1739
1243
1244
1245 1012 2095
1246 1843 520 1727
1247 2038
1248 1555
1249
1250
1251 2203 1610
1252
1253
1254 1444
1255 509 2445 743
1256
1257
1258
1259 485
1260
1261 725
1262 2179
1263
1264
1265
1266 1374
1267
1268 1811
1269
1270 738
1271 687
1272
1273 2348
1274 666
1275 1322 1953
1276 1412
1277 1184
1278 1949 2141
1279 2390
1280
1281 1926
1282
1283
1284
1285 1152
1286
1287 262
1288
1289
1290 832 899
1291
1292
1293 218 634 2365
1294 2206
1295 1776 2279
1296
1297
1298 2467
1299
1300
1301 2444
1302 2429 1715
1303 1239
1304 820
1305 2334
1306 286
1307
1308 548 717 2053
1309 1464 816
1310 196
1311 366
1312
1313
1314
1315 2086
1316
1317
1318 617
1319 628 714 1254
1320
1321
1322
1323 785
1324 2428
1325 2060
1326 2378
1327
1328 271 1815 555
1329
1330
1331 39
1332 689
1333
1334 1025 2063
1335
1336 1910
1337
1338 670 159 911
1339 502 993 1419
1340 110 2023
1341 680 1824
1342
1343 148 2173 1894 2073 2303
1344
1345 514 1623
1346
1347 2052 2228 2297
1348 76
1349
1350 424
1351
1352
1353 940
1354 2393 1918
1355
1356 720
1357 727 2447
1358
1359
1360 1062 1506
1361 2153
1362 504
1363 2449
1364 307 1869
1365 263 2224
1366
1367 1201 1539 1633
1368 654
1369 278 1650
1370 339 1248
1371 1162
1372 398
1373 651 790
1374 1603
1375
1376 1149
1377 1288
1378
1379 688
1380 1529 896
1381 936
1382
1383 1664
1384 1331 335 281
1385 172
1386
1387
1388 1551
1389 1439
1390 217
1391 2230
1392 650
1393 641 1931
1394
1395 2422
1396 1166
1397
1398 1215
1399
1400
1401 456
1402 1161
1403
1404
1405
1406
1407 1569
1408 2118
1409
1410 818
1411 393
1412 1258
1413
1414
1415 1585
1416 1246 1909 89 676
1417 1091
1418 2174
1419
1420
1421 1519
1422
1423 1438
1424
1425 2370 82 1681
1426 545
1427 943
1428 219 233 275 2036
1429
1430 1138 609 1820 2071
1431
1432 1122
1433 554 595
1434 187
1435 1940 2491
1436 1802
1437
1438
1439
1440 23
1441
1442 619 528 1956 1592
1443
1444
1445 500
1446
1447 143
1448
1449 1186 2207
1450
1451 430
1452
1453
1454
1455
1456
1457
1458 864
1459 846
1460
1461 746
1462
1463 648 685
1464 234
1465 776
1466
1467
1468 1935 150 1105 1325
1469
1470
1471 1180
1472 288
1473 868
1474
1475 1698 2189 1781
1476
1477 1300
1478 865
1479
1480 1421
1481
1482 592 1722
1483
1484
1485 1389
1486
1487 1263 1653
1488
1489 1579
1490 2293 1179
1491
1492 2451
1493 787 567 1962
1494
1495
1496 2213 1669
1497
1498
1499 1874
1500
1501 112 1124 1708
1502 723
1503 644
1504
1505 1895 270
1506
1507 2033
1508 2156 2010
1509 1010 1165
1510 1087
1511 2366
1512 782
1513 996
1514 349
1515 231 1618
1516
1517 1754 806 630
1518 1837 2289
1519
1520
1521
1522
1523 728 529 1920 1902
1524 1007
1525 1285 1520
1526 664 1237 1480
1527
1528 718 1840
1529 575 260 1299
1530
1531
1532
1533
1534 1755 1209 1289
1535 922
1536 74 369
1537 1808
1538 22 855
1539
1540 1431
1541 80
1542
1543
1544 1388 2313
1545 1055
1546
1547 2162
1548 25 799 2146 1182 1833
1549
1550 889
1551
1552 474 153
1553
1554 863 826 2337
1555 1142
1556 1853
1557 1980
1558
1559
1560 2415
1561
1562 1131 2286
1563 7 888 946
1564 2037 1330
1565 1527 1996
1566
1567
1568 352
1569 2306 751
1570 1616
1571 1661 2479 2483 1850
1572
1573 755
1574 874 1841
1575
1576
1577 778
1578 1973 1347
1579 1096
1580 2296
1581
1582
1583 259
1584 994
1585 1970
1586 1972
1587
1588
1589 979
1590
1591 1756
1592
1593
1594 558 2210
1595
1596 1250
1597 1379 1613
1598 970
1599 2401
1600 324
1601 2310
1602
1603
1604
1605 62
1606 906
1607 835
1608 467 2178 2362
1609
1610
1611 2067
1612 570
1613 783
1614 2042
1615 124 1827
1616 1188
1617
1618 2226
1619 2231
1620 1678
1621
1622 280
1623
1624 1942
1625
1626 977
1627 50 913
1628 1306 773 1276
1629
1630
1631 1647 1530
1632
1633
1634 1859
1635
1636 1665
1637 341
1638 1799
1639 1260 1965
1640 2076
1641 232 2024
1642 1605 734
1643 2356 304 1903
1644 66 1064
1645 293 794 973
1646 1114 1497
1647 1732
1648
1649 1704 2020
1650 1552
1651 2125 142 2270
1652
1653
1654
1655
1656 1169 526
1657
1658 215 935 1183 2154
1659
1660
1661 2394 2080
1662 243
1663 1338
1664 1692 390
1665
1666 283
1667
1668 923
1669 1524
1670
1671 1133 1110
1672
1673
1674
1675 1223
1676 2302 38 121
1677
1678 1284
1679
1680 2388
1681
1682 584 603
1683
1684 1906
1685
1686 795
1687 1780 2332
1688 137 212
1689 1967 78
1690 2251 2275
1691 2129
1692 884 819
1693 2093
1694 169
1695 311
1696 2495 2163
1697 1731
1698 837
1699 2470
1700 1020 377
1701 1525 1264
1702 135
1703 1749
1704 350
1705 1128
1706
1707 487
1708
1709
1710
1711
1712
1713 1104 1241 1601 2075
1714 550
1715
1716
1717 521 551
1718
1719 1167
1720
1721
1722 2216
1723 1154
1724 2351
1725 423
1726
1727 1336 1959
1728 564
1729 185 1575
1730 237 1614 2338
1731 155
1732 2328
1733 983
1734 862
1735
1736
1737 152 1740 858
1738 1729
1739 1074
1740 534
1741 1411 478 1368 1476
1742 253
1743
1744 2462 2149 1710
1745
1746 1968
1747 1766
1748 1627 468
1749
1750
1751 941 2367
1752 519
1753
1754 1898 1684 1323 761 1004 2122
1755 640
1756
1757
1758 1782
1759 93 1297
1760 912 1046
1761 1568
1762 1889
1763 2319
1764 54 111
1765
1766 2374
1767 1077 276
1768
1769 961 1572
1770
1771
1772
1773 2222 1556
1774 1596 2373
1775
1776 1538
1777 931 740
1778 2136
1779 1562 929
1780 1019 164 1119
1781
1782 168 1558
1783 1643
1784 1472
1785
1786
1787 2345
1788 2103 413
1789
1790 266 2009
1791 2336
1792 2186 1283 2442
1793 1523 505
1794 1150 1236
1795 1200 354
1796 642
1797
1798 1103
1799
1800 2294
1801 1202
1802
1803 1375 1655
1804 2482
1805 1651 2308 1097 2012
1806
1807 885 1198
1808 85
1809 104 461 1609
1810
1811
1812
1813 122
1814
1815 342
1816 1796 1518 1386
1817 739 800 966 1491
1818 2453 2409
1819
1820
1821 285 764 1492 857 1337 1724 2427
1822 134 1504
1823
1824
1825
1826 1513 1852 2276
1827
1828
1829 2417
1830 1890 952
1831 2341 2081
1832
1833
1834 452 1482
1835 1957
1836 1960 781 2384
1837 2062
1838
1839 649
1840
1841
1842 2057 211
1843 1447 2194 2047 574 1404 1683
1844 427 1741 2465
1845 1009
1846 1886
1847 163 831 1059
1848
1849 381
1850
1851 1511 1907
1852 566 429
1853 937
1854
1855 878
1856 621 600
1857 386
1858 383
1859
1860 1252
1861 2087
1862 2115
1863 656 493 608
1864 1978
1865 70
1866
1867
1868
1869 460
1870 1377
1871 2235
1872 700
1873
1874 1881
1875 917
1876
1877
1878 2099
1879
1880
1881 1777 2119
1882
1883 2034 1357
1884 958
1885 213 1463
1886 1435 2000
1887
1888
1889 2234 2379
1890 2221 2474
1891 265 1090
1892
1893 2497 2410
1894 421
1895 2070
1896 531 679
1897
1898 491
1899
1900 1400 2201
1901 2043 602
1902
1903
1904
1905 1233
1906 1676 2126
1907 829
1908 1222 2264
1909 1392
1910
1911 67
1912
1913
1914
1915 2459
1916
1917 1116
1918 572
1919
1920 2049 890
1921 860
1922
1923 622
1924
1925 2096
1926 1897
1927 892 1590 2078
1928
1929
1930 1685 1825
1931
1932 303 1109 1465
1933
1934 1821 1743
1935 107 332
1936
1937 261
1938 2326
1939
1940 1147
1941 2158 410
1942 2164 2472
1943 59 1031
1944 542 2360
1945
1946 2196 586
1947
1948 51
1949 2101
1950 378
1951 469
1952 2242
1953
1954 726 1879
1955 512
1956 1021
1957 1367 1279
1958
1959
1960 674
1961 1855 2299
1962
1963 2120
1964 2490
1965
1966 405
1967 465 1448 2396
1968
1969 2032 1797
1970 1981 1628 1553 1997
1971 2435 657
1972
1973 1123 1528
1974 2059
1975 1320
1976 2372
1977 903
1978 2232
1979
1980 489 1397 2211
1981 2257 1164
1982 1983 770
1983 183 1207 2054 1762
1984
1985 2031
1986 1214 1540
1987
1988 1947
1989 81 2127 308
1990 722
1991 396 1951
1992 408
1993
1994
1995 129
1996 1587
1997
1998 661
1999 1977
2000
2001 988 1053
2002 833
2003 1356
2004 1230
2005
2006
2007
2008 2399 1995
2009 587 1602
2010
2011 1453
2012
2013
2014 199
2015 1350
2016
2017
2018 1348 583 2138
2019 2064 432 897
2020
2021
2022 206
2023
2024 449
2025 1608
2026
2027 2426 1549
2028 699
2029 475
2030 2040
2031
2032 536 667 1567
2033
2034 1293
2035 1818 1705 1577 1774
2036
2037 442 812
2038 170
2039 1270
2040 1319
2041
2042 1680
2043 94
2044 368 1478
2045 691 1292
2046 828
2047 362
2048
2049 541 2117
2050 2252
2051 1637 898
2052
2053 1760
2054 1861 825
2055 1135
2056 900 1327
2057 2322
2058 463
2059 2267 2408 991
2060 1925
2061
2062 1451
2063 1985
2064 1767 573
2065
2066
2067 1719 1352
2068 606
2069
2070 2088 422 477
2071
2072 853
2073
2074
2075
2076 2159 1199
2077 1737 2082 1498
2078
2079
2080 1674 2424
2081
2082 258 329
2083
2084 989 1324
2085 224
2086 1277
2087 547
2088 1932
2089 1632
2090 611
2091 557 1111
2092 235 1830 1761
2093 1576
2094 708 1735 2268
2095
2096
2097 274 1709
2098 1081 902
2099 1360
2100
2101 1092
2102
2103 37
2104 981 1221 2134
2105
2106 2311
2107
2108 2347 404 1213
2109 1646
2110 1793
2111 476
2112 411
2113 2161
2114 1468 1928
2115
2116 447
2117
2118
2119 1370
2120
2121 1171 653
2122 1521
2123
2124
2125 2263 1823
2126 1434 208 1148
2127 563
2128 807
2129
2130
2131
2132 338
2133 1312
2134 1069
2135 267 356 560
2136 2352
2137 524
2138 1473 1785
2139 1231
2140 1314 1462 1559
2141
2142 724 238
2143
2144 1924
2145
2146 1160
2147
2148
2149 1203 1882
2150
2151
2152 1809 2144
2153 1883 1584
2154 1706
2155 1245
2156 852 108 448
2157
2158 28 1503 1581
2159 1901
2160
2161 97 1326 2382
2162
2163
2164 1948 925
2165 1505
2166 472
2167
2168 705
2169 229 2376
2170
2171
2172 1268
2173 374 1634
2174 2079
2175 319 1002 643
2176 1467
2177 1904
2178 1051
2179
2180
2181 1747
2182 2438
2183 1294 1716 2344
2184 2176
2185
2186 2
2187 1075
2188 91
2189 798
2190 2013
2191 287
2192 986
2193
2194 1999
2195 1024 2130
2196 2227 123
2197 1991 2005
2198 1624 1515 1047 2269
2199 759 9
2200
2201 2105
2202 950
2203 2183
2204 1867
2205
2206
2207 2114 2499
2208 742 1487
2209
2210
2211
2212
2213 488
2214 2389 2083
2215
2216
2217
2218 1659
2219
2220 321 173
2221 1058 1156
2222 2460 2377
2223
2224 2197 503 2072
2225 1418
2226
2227 2003 1580
2228
2229
2230 2068 2397
2231 446
2232
2233 1675
2234
2235 420 1819
2236
2237 2413
2238 2282
2239
2240 1394
2241
2242
2243 2116 1466
2244 401
2245 1831 300 334 1093
2246 1065 2104
2247 1291
2248
2249 2357
2250 1126 2312
2251 1428 1598 2271
2252
2253
2254
2255
2256
2257 175
2258 207
2259 1961
2260
2261 1311
2262 10 748
2263 1713
2264 375
2265 345
2266
2267 1589 2112
2268
2269
2270
2271 1586
2272 471 696 1582
2273
2274 86 1620 1316 2307
2275
2276
2277 1175
2278 1561
2279
2280 6 1707
2281 1810
2282 32 1067
2283
2284 53 481 1403 2324
2285
2286 1763
2287
2288
2289 876 2011
2290 1099 2229
2291
2292 204
2293 537 982 1129
2294 836
2295 543
2296
2297
2298 2113 1455
2299
2300 808
2301 1086 1736
2302 186 174 844 1429
2303
2304 805
2305
2306 1548
2307
2308 1849 932 2219
2309
2310
2311 974
2312 1212 2353
2313
2314 2142 2414
2315
2316 1243
2317
2318
2319
2320
2321
2322 346
2323
2324
2325
2326
2327
2328 330
2329
2330
2331 2407
2332 659
2333
2334 1563
2335
2336 1426
2337
2338 2291
2339
2340 1410
2341 5 645 1891 1522
2342 1714 209
2343
2344 2124
2345 273 1042
2346 1765
2347 45 195
2348 914
2349 1812
2350
2351 1544
2352 1514
2353
2354
2355
2356 2434 1730 1969 1335 1342
2357
2358 2166
2359 2245 1205
2360 2128 2317
2361 407
2362
2363 963
2364 1557 2188 1080
2365 1720
2366 533
2367 1446
2368 1896 2109 673 1244
2369
2370 1 1600 458 1496
2371 909
2372
2373
2374 1006 384
2375 87 1313
2376 2492
2377 2150
2378 1039
2379
2380
2381
2382
2383
2384
2385 681
2386 962
2387
2388 2391
2389 1656
2390
2391
2392 2132
2393 669 895
2394 49 1256
2395 2090 605
2396
2397
2398 177 1488 2354
2399 2018
2400
2401
2402 1384 1395 1611 1452
2403 1040 561
2404 1911
2405
2406
2407
2408 715 236 1975
2409
2410
2411 201 120 2340
2412
2413
2414 1339
2415
2416 559 1507
2417
2418
2419 497
2420 556 1354
2421 1253
2422 1702
2423
2424
2425
2426 14 1265
2427
2428
2429 904
2430 2339
2431 838 1990
2432 1914 2239
2433
2434 56
2435 1923 419 1076
2436 242 317
2437
2438
2439 1242 1163
2440
2441
2442 2315
2443 29
2444 26
2445 2238 701
2446
2447
2448 2218
2449 1216
2450 1982 652
2451 385 1746
2452 132 2184
2453 597 1407 227
2454 1018 1693
2455 1848
2456 1305 845
2457 221
2458 1532
2459
2460 1687
2461 2386 719 2249
2462 1578
2463 1449 1717 1041 1772
2464 1921
2465 1424
2466
2467
2468
2469 1934 2208
2470 1477
2471
2472
2473
2474
2475 2404
2476 686
2477 305 1450
2478
2479 4 1726
2480
2481 1875 517 1192
2482 971
2483 2030 1638
2484
2485 2248
2486 1979
2487
2488 625
2489 2152 841
2490
2491
2492 1939
2493 1022 2305
2494 910
2495 945
2496
2497 1851 2480
2498
2499 953
