#/Users/schmidt73/Desktop/fastppm-data/bin/simulate.py --mutations 2500 --samples 3 --coverage 30 --seed 13 --output sim
# GMT Fri Sep 13 14:31:01 2024
# 
0 177 1815 1133
1
2 221 1298
3 1705 1208
4 323
5 1089
6
7 642 1165
8 1583 2366
9
10 24 503
11 1243
12
13
14 1632
15 829
16 1365
17 354 2208 1465
18 554 1039
19 1777
20 50
21
22 150 1991 329 2059 579 1408
23
24
25 121 2144
26 878
27 2471 1467 931
28
29
30
31 2253
32
33 364
34 1324
35
36
37
38 2046 360
39
40
41
42
43
44
45
46
47
48
49 2179
50
51
52
53
54
55 733
56 746
57
58
59 1377
60 1296
61
62
63 1129
64 1845
65 2273
66 2260 1343
67
68
69
70 916 1915 419 940
71 723
72 1948
73 374
74 2417 2149 1458
75 389
76 170 2061
77
78
79 1303 2348
80
81 993
82
83 1264 231
84
85
86 391 1036
87 61
88 156
89
90 267
91 44
92 971 1110
93 474
94 1218
95 705
96
97
98 183 405 2196
99 485
100
101 239
102 39
103 508
104 1781
105 1231 2175
106
107
108 764
109 2082
110 313
111 372
112 1885 2120
113 459
114 1633
115
116
117 140 1773
118 1074 1295 2297
119 1739 972 2277
120 1625
121 482
122 784 1891
123
124
125
126 234 1040
127 422
128
129 1255
130 1431
131
132 864
133 1025
134 2259
135 1582
136
137 245 1634 1663
138 1579
139
140 2251 236
141 2191 411
142
143
144
145
146 436 1700
147 866
148
149 229 394 888
150 2143 143
151 413
152
153
154 625 214 1320
155
156 1155 797
157
158 134
159
160
161 1942
162
163 345 286
164
165
166 1344
167
168 1369
169
170
171 853
172
173 88 2493
174
175
176 1199 1553 1191
177 2105
178
179
180
181 1834
182
183 2425
184 1817
185 33 743
186
187 697
188 1850
189
190 1673 1728
191 353
192 2485
193 101
194 1037
195 1667 1527
196 2434
197 1901
198 2302 2481
199
200
201
202
203 311 1918 1280
204 371
205 2122 105 1568
206 879
207 1947 1052
208 1532
209 2494
210
211 1808 451
212
213
214 1304
215 292 1670
216
217 2347
218 725
219 946
220 1
221
222
223 71
224 42 2469
225 792 146
226 76
227
228 659 2150
229 730 2241
230 748
231 947
232 2206
233
234
235 199
236
237
238 1316
239 53 2279
240 298 1654
241
242 1091
243 637
244
245 1459
246
247
248 999 1432 2218
249 610
250 337 586
251
252 304 2016
253
254 58 1837
255 403
256 2098
257 2333
258
259 400 2422 2430
260 1406
261
262 2395 1931 1935
263
264
265
266
267
268
269 2362
270 32 1650
271 259
272 1392 771
273 454 2282 2358
274
275
276 1570
277 2487
278 2375
279
280 193 316 1742
281
282
283
284
285 2477 869
286
287 1333
288
289 294 667
290
291
292 1615 65 2411 1067
293 2289
294 1363
295 1753 1178
296 356 463
297
298 166 1359 2459
299 1772 1353
300 1783
301 1256 2386
302
303
304 167 593
305 1803 1352
306 1416
307
308
309 197
310 1563
311 1294
312
313 1717 2467
314 185 38 307
315
316 707
317
318 261 709
319 212
320
321
322
323 1623 190 1749
324 1160 1486
325
326 1168 1023
327 383
328 1154
329
330 1090 1186
331
332 1557 1249
333 2127 439 1715
334 1526 1085 2072
335 192
336 1064 1066 2063
337 1672
338
339
340 262 1423
341 407
342 1229 2310
343
344
345 56 783 1310
346 1361 857
347 1448
348
349 2138 2139
350 712
351 863
352 260
353 1122
354 72
355 542
356 1852
357 821
358
359
360
361 41
362 2291 1731
363
364 421
365
366
367 1534
368
369
370 2228
371 308
372 81 359 1979
373
374
375 449 1602
376 1022
377 1185 1787
378 943 1239
379
380 1276
381
382 1103
383
384 750 968
385 500
386
387 410 461 1558
388
389
390
391 1059 598 2367
392 117 1319
393 175
394 440
395 2442
396 1323
397 1896
398
399 328 1518
400 599 2446 2354
401 251
402
403 1062
404 1711 1141 1703 1542
405 2076
406
407
408
409 607 1690
410 396
411 713
412
413 842
414 809
415 398
416 657 1325
417 1539 1305
418 1400 2300
419
420 760
421
422
423
424 1762
425 1184
426 1820 1661
427 1018
428
429
430 295 1990
431 280 115 807 2415
432 2402 1870
433
434 1648 779
435
436 2164
437 776
438 2207 2140
439
440 1983
441
442
443 1761
444 614
445
446
447
448 1078
449
450
451
452 928 2033
453 933
454 811
455 938
456
457 782
458 2162
459 575 2319
460
461
462
463 885
464 601 2231 1812
465 1109
466 956 1148
467
468
469
470
471 905
472
473
474
475 1349 523 984
476 512 836
477 1522
478 1701
479 392
480
481
482
483 369
484 462
485 1765
486
487 1491
488 1797 66 1102
489
490
491 208 123 322
492
493 724 1151
494 1395
495 415 2433 1785
496 1620 2389
497 1035
498 848 850
499 1932
500 132 1246
501
502
503 54
504
505
506 1719
507 1980
508 1594 172
509
510 859 2153
511 703
512 2017
513 2002
514 812
515 1525 785
516 456
517 870 34 887 363 1574
518 929 1712 1735 2234
519
520 435
521 995 1561
522 2026 1241 2410
523 1831
524 1540 2360
525 1813 1718 694
526
527
528
529 1032
530 184 1420
531 802
532 202 617
533 1524 1809
534 780
535
536 662 1520
537
538 1951
539
540 270 254 640 489
541
542 796
543
544
545 788
546 740 2024 2055 2339
547 2448 250
548 525 1071 1227 594
549 1125 1441 1519
550
551 2037
552 1145 1407 1977
553 1543 466
554
555
556 223
557
558
559
560 423 1182
561 568 1928
562 464
563
564 1760 789 872
565 2225 1054 2244
566 2275
567 2435
568 246 2488
569 397 1121
570 686
571 592
572 2368
573
574 1967
575 285 1836
576 562 1396
577 1545 2432
578 1468 2159
579 2322
580
581
582
583 891
584
585
586
587 2161 961 893
588 2089 1871
589 108 2103
590 678
591 481
592 25 258
593
594
595 127 882
596 1051
597 1306 338
598
599 2047
600 297 1494
601
602 1555 1964
603 583
604 1476
605 149
606 751
607 1727
608
609 276
610
611
612 844
613
614 476 904
615 361 1354
616
617
618
619
620
621 1279
622 753 116 1897
623 2163
624
625 334 674
626
627 1854
628 324 1336 1758
629
630
631 1734
632
633 194 1389
634 290
635 1943 1605
636 1419 2157 315 446
637 2128
638 494 351 2308
639
640 2496
641 964 325 2461
642 1057
643 215 1691
644 681
645
646 2320
647 1707
648 849 1083
649 10 2387
650 584
651
652
653
654
655
656
657
658
659 2483
660 1380
661
662
663 1987
664
665
666 447 2129
667
668 379 2034
669
670 1224
671 801
672 768
673 2408 2028
674
675 1425 151 673 1094
676 915
677 1348
678
679 2247 1902 1859
680 1135 273
681 2019
682 63 1592
683 2298 738 1215
684
685 2404
686
687 2456 2303 1107
688 2062 1976
689
690 1061
691 144 1271
692 1314
693
694 775
695
696 358
697
698
699 2137
700 1693 1490 1628
701
702 628
703 2211
704
705
706 85
707 874 1999
708 357 510
709 550
710 1684
711 1095
712 1946 1427
713 1743
714 340 762
715
716 1962
717 747
718
719 2261
720 1258
721
722
723 284 742 1899
724
725 289 1549 2407
726
727
728 1381 509
729 1329
730 333 386 2044
731 2198 496
732 1201
733 1919
734 1172
735 1800
736 896 1993
737
738
739 2490 1470 1500
740
741 823 2406 1210
742 966
743 82 1704
744 851
745
746 1414
747 450
748
749 765 1732
750 1649 1118 1183 1953
751 2057 401 1597
752 283
753 1603
754 1053
755 278 1848 1958
756 1835
757 36
758 1307
759 1126 2350
760 2204
761 660
762
763
764
765 1453 2070
766
767 387 1505
768 820
769
770 152
771
772
773
774
775 816
776 314 1790
777
778 1003
779
780
781 808
782 2287 656 2094
783
784 2185 2413
785 1000
786
787
788
789 711
790 534 2431 652
791 505 1217
792 1421 1921
793 920
794
795 1708
796
797 700
798
799
800 1265
801
802
803 1644 715
804
805 2316
806 1204
807
808 1880 1508 1577
809
810
811
812 529 1874
813 1428 1084
814 6
815 1893
816
817 1411 1388
818 1879
819
820 1671
821 1152 2482
822 540 1309
823 1216 1892
824 2374
825 963 515 1221
826 1163 2041 2420
827 2221 1900
828
829 1426 2004
830 1402 1214
831 1447
832 1818 2351
833 1503
834 1764
835 772 1802
836
837 318
838 1213 1668 1694
839 1019
840 535
841
842 230 898 2226
843
844
845 104 1552
846
847
848 255
849
850 2365
851 1832 388
852 477
853 2051
854
855
856
857 2248 2075
858
859 1378
860
861 695
862
863 2324
864 1799
865 854 1609
866
867 664
868
869
870 900
871 119
872 180
873
874
875 2176
876
877
878 596
879 2115 122 729
880 2136
881
882 241
883 330
884 326 1048
885 1881
886 1847
887 299
888
889 1689
890 87
891 1020
892 269
893
894 437
895 1415 927
896
897 921
898 1875
899 1593
900 1745 1890
901
902
903
904
905 2158
906 720 1664 1564
907 131
908
909 1268 2142
910 950 526 2013
911 2369
912
913
914
915
916 2380 2166 1681 856 1045
917
918 137
919
920
921 1153 1499
922 880
923
924
925 804 958
926 559
927
928 2060 810
929 1612
930 1124 288 2429
931
932 609 903
933 2074 612
934
935
936 1437
937 2084 2246
938 1589
939
940
941 376 731
942 1259 773 1162
943
944 1618
945 838 841
946
947 1702 1789
948 828 1270
949 7 434
950 1884
951 1147
952 1752
953 1398 1335
954 355 908
955 1944
956
957 737 983 2045
958 1843
959
960 989
961 321 467
962 492 2152
963 1559 1073 1081
964 2376 1829
965
966
967
968
969 118 217
970 247
971 1724 2381 2329
972 1716
973
974 621
975 1766 2197
976
977 581 1399
978
979
980 2035
981 502 718
982 2147
983
984
985 319
986
987
988 1828
989
990 2101 331 1105
991
992 1611 1138
993 813 1044
994 1658
995 2116
996 2039
997 92 726
998
999 2227
1000 1638
1001
1002 1798
1003 1006
1004 507
1005 566 2462
1006
1007
1008
1009 216
1010 2394 1651
1011
1012
1013 301 513
1014
1015
1016 428 465
1017
1018
1019 580
1020 2439
1021 491
1022
1023
1024
1025 1825 1060 919
1026
1027
1028 1580 1920
1029
1030 663
1031
1032 348 541
1033 1136 1334 468 1014
1034 3 2154 1404 1692
1035
1036 1538
1037 2195
1038 1013 1861 2006
1039 716
1040
1041 1382
1042 312
1043 677 1941
1044 1285
1045
1046 1585
1047
1048
1049 2171
1050
1051 1572 661 1819
1052 366 1092
1053 1483 1550
1054 516
1055 1507
1056 2278
1057 1451
1058 833
1059 89
1060 1635
1061 1170
1062 161 1455
1063
1064 1080
1065 1827
1066 629
1067 1706 1794
1068
1069 483
1070 2053 1975
1071 80 1726 2391
1072 1911 2438
1073
1074 2222 178
1075
1076 576
1077 1097
1078 767
1079 385
1080 2355
1081
1082 1203 633 611
1083
1084 2014
1085 948
1086 632
1087 781 939
1088
1089
1090 970
1091
1092
1093
1094 2361 2145
1095 164
1096
1097 2240
1098 1373 1429
1099
1100
1101
1102
1103 912 2067
1104
1105
1106 2087
1107 1636
1108
1109 1756
1110
1111 282 1531
1112 256
1113 1385
1114
1115 91 1608
1116 2345
1117
1118 1383 182 414
1119 1480
1120 1386
1121 1403
1122 1624 2441
1123
1124 918
1125
1126
1127 1111
1128 1234 1851
1129 749 763 2068
1130 1567 1720
1131
1132
1133 671
1134 9
1135 2331 1139 1278
1136 171 1046 2379
1137 432
1138 2040
1139
1140 1087 1108
1141 191
1142
1143 1302
1144 1131
1145 2323
1146
1147
1148
1149 148 1340
1150 169
1151
1152 787
1153 1595
1154
1155 165 2114
1156
1157
1158 603
1159
1160
1161 1112
1162
1163 77
1164
1165
1166 556 1895
1167 1119
1168 858
1169 934
1170
1171 271
1172 1030 1929
1173 2110
1174 1115 710 835
1175 1699
1176 1158 1477
1177 1277
1178
1179 393
1180
1181
1182 2492
1183 717 1027
1184
1185
1186
1187 687 2242
1188
1189
1190 1322 2309 824
1191 1610
1192
1193
1194 831
1195 795
1196 578
1197 2223
1198
1199 906 1606
1200 1536 249
1201 30 1971
1202 994
1203 475 2359 924
1204
1205 834
1206 2377
1207
1208 310
1209 643 962
1210 1156
1211
1212
1213 1417 1730
1214 168 1660
1215 1940
1216 27
1217
1218 2338 696
1219
1220
1221
1222
1223 519
1224 226 2012 1466
1225 1120 1560
1226 1240 861
1227 2466
1228
1229
1230 29 1857 1922
1231 2085 453 2455
1232 871 147
1233
1234
1235 2003
1236 1093
1237 2344
1238 591
1239 1640 2092
1240 1043 868 1047
1241
1242 2399
1243 2370 1015
1244 1180
1245
1246 2071 2123
1247
1248 2125
1249
1250
1251 43
1252
1253 563
1254 2023 1144
1255 2151
1256 1933
1257 2468 1914
1258 572 889
1259 265
1260 2049
1261 1669
1262 153
1263 2460
1264 225 455 1492
1265 2256
1266
1267
1268 138
1269 2135 544
1270
1271
1272 213
1273
1274 163
1275
1276 967
1277 2193
1278 1616 2113
1279 1904
1280 1747
1281
1282 2180
1283 1795 606 1784
1284 959
1285 339
1286
1287 688
1288 1082
1289
1290
1291
1292
1293
1294 1682 2335 2029 2203
1295 173
1296
1297 1463
1298
1299 1678
1300 1903
1301 942 1872
1302 728
1303 227
1304
1305
1306 1517
1307 1487 1512
1308 2048 2118
1309 1297 1529
1310
1311
1312
1313
1314 179
1315
1316 2099 1627 1443
1317 1327
1318 187 1457
1319
1320
1321
1322 62
1323
1324
1325 2474
1326 2036
1327 2109
1328 1113
1329
1330
1331 1569
1332 2276 1838
1333 224
1334 561
1335 157 2252 1016 987
1336 689 914
1337 59 155 504
1338 15 1482
1339 2281
1340
1341 1909 2318
1342
1343
1344 867
1345 1683 412
1346
1347 679 1656 2209
1348 1212
1349 384
1350 2498
1351 235 433
1352 2262
1353
1354 2301
1355
1356 860 1725
1357 17 1860 604
1358 1301
1359
1360
1361 309 1607
1362
1363
1364 1368 1675
1365
1366 1137 349 793 1869
1367
1368 1697 84 1846
1369 714
1370
1371 815
1372 404 1445
1373 46
1374
1375 2312
1376 1590 1017
1377
1378 672
1379
1380 1528 639 1844
1381 1945
1382 1498
1383 2390
1384 1950 1954 2418
1385 548 2212
1386 460
1387 1868 479 2263
1388 2264
1389 1205
1390
1391 2426
1392 1002
1393 2190 2018
1394
1395 2038 530 2249
1396
1397 1357
1398 1814 719
1399 1026 2453
1400 1072
1401 1098
1402 1823 1849
1403 1810
1404 1347
1405 70
1406 409 552
1407
1408
1409 1041
1410
1411 1788 1826
1412 1376
1413
1414 1547
1415 48 1779
1416 83 1291
1417
1418 1269
1419 533
1420 1116
1421 2130
1422
1423
1424 2217
1425 2272 630
1426 564 570
1427
1428 4 2294
1429
1430 126
1431 2480
1432 442 2401
1433
1434 57 538 1657
1435
1436
1437
1438 761
1439 1174
1440 1260
1441
1442 852 675 128 1619 2258
1443
1444 1722 739
1445
1446 2133 1167 1565
1447 2015 770
1448
1449
1450 2444 506 911
1451 2403 2069
1452
1453 873
1454
1455
1456 638 521
1457 837 1004
1458
1459
1460 573 2465 2160
1461
1462 960 1228
1463 1598
1464
1465
1466
1467 1972 296
1468 1754 805 93 1225
1469
1470
1471
1472 23
1473 930 537 2378
1474 944
1475 622
1476 701 2486
1477
1478
1479 1164
1480
1481 2412
1482
1483 277
1484 2428 941
1485
1486
1487
1488
1489
1490
1491 2440
1492
1493 691 648 774 2478
1494
1495 2181
1496 1461 1516
1497 981 1367
1498
1499
1500
1501 555
1502
1503 975 2243
1504 1263
1505
1506 113 79 124
1507 1793 1601
1508 1065
1509
1510 1117 1454
1511
1512
1513 1232
1514
1515
1516
1517 21
1518
1519
1520
1521 37
1522 2372 1308 1530 1556 2286
1523 1076
1524 615 644 1685
1525 94
1526 988 1566
1527
1528 2292 478
1529
1530 2119
1531
1532 1833
1533 2464
1534
1535
1536 1021 645 1591 2437
1537
1538 913
1539 1289 1312
1540 2168 274 390
1541 1096 2463
1542 2177
1543 1769 1424 1578 1746
1544
1545 1374
1546
1547 884
1548
1549
1550
1551 1637
1552 1511
1553 160
1554
1555 332
1556
1557 64
1558
1559 649 1573 1688
1560 546
1561
1562
1563
1564
1565
1566 1584
1567 1676 1079
1568 1193
1569 2056 1864
1570 985
1571 839 2229
1572 588
1573
1574
1575 1360
1576 2202
1577
1578
1579
1580 2341 1646
1581
1582 344 2484
1583 181 974
1584 2
1585 954
1586 894
1587
1588
1589 2134
1590 209 2111 668
1591
1592 2216 2326 1252 1889 2269
1593 1300 1330 1775
1594 248 1865 735
1595 1288 2043
1596 699
1597
1598 1282 2187
1599 1472 1506
1600 917
1601
1602
1603 112 527 2349
1604 12
1605
1606 1617
1607 368
1608
1609
1610
1611 756 832 1842
1612 1134 1469 1862
1613
1614 1024
1615 14 1222
1616
1617 1233
1618 1281
1619
1620 2325
1621 1474
1622 2005
1623 830 1830
1624
1625 1576
1626
1627 676 2257
1628
1629 1963
1630 825
1631 2219 2414
1632 1622
1633
1634
1635 335 2357 2330
1636
1637 626 1266 1994
1638 2011
1639 754 471 1677
1640
1641
1642 470
1643 1364 19
1644 992
1645
1646 536
1647 1393
1648 406
1649 418 2052
1650
1651
1652 1925 1275
1653 2445
1654
1655
1656
1657 1515
1658
1659 1484
1660
1661 1176
1662 1791
1663 2156
1664 2343
1665 1196
1666 1130
1667 680 620 1342
1668
1669
1670 1894
1671
1672 1202
1673 2188 2146
1674 623 1132
1675 1502
1676 106 589 1613
1677
1678
1679 1521
1680 2093
1681 800 2000
1682 1792
1683 125 2313
1684 2108
1685
1686
1687 2280
1688
1689 522
1690 473
1691 346
1692
1693 690
1694 2384
1695
1696 1489
1697 1350 1679 1143 1733
1698 1804
1699 1086
1700
1701
1702 910
1703 693
1704 1321
1705 1127 438 876
1706
1707 1226
1708 2078
1709 803
1710 238
1711 2334 1485
1712
1713 2102 1774
1714 2189
1715
1716
1717 2230
1718 732 1509
1719 186
1720 1596
1721
1722 2393 114 2050
1723 1786 2088
1724
1725
1726 1008 1128
1727 1949
1728 2274
1729
1730 1768
1731 511 977
1732
1733 545
1734
1735
1736 2405 2454
1737 20 1042
1738 18
1739 272
1740
1741 1824 365
1742 377 952 1546
1743 97 219
1744
1745 1710 932
1746 2332
1747
1748
1749
1750 306 1626
1751
1752
1753 498
1754 55
1755 569 565
1756 1142
1757
1758 1744
1759
1760 2271 2235
1761 1290
1762
1763 429
1764
1765 2364
1766
1767 651
1768 1544
1769 909
1770 2265 1811
1771 1247
1772 67 497
1773 293
1774
1775
1776
1777 590 1680
1778
1779
1780
1781
1782
1783
1784
1785 1554
1786 514 427 650 1698
1787
1788 2307 2192
1789 2042
1790
1791
1792 1456
1793 1450 211 2336
1794
1795 1647 1666
1796
1797 1805 1562
1798 51 1245
1799 646
1800 1924
1801 431 881 1714
1802
1803 300
1804
1805 1439 1220
1806
1807
1808 218 560
1809 1075
1810
1811
1812
1813 1923
1814 154
1815 1351
1816 1438
1817 1535
1818 2073 2476
1819 1056 1101
1820 1253
1821 996
1822 1251 1961 2170
1823 103 287
1824 1034 840 2236
1825 95 100 2205 2416
1826 2064
1827
1828 1171 2091 1981
1829 965
1830
1831 130 683
1832 1387 1533
1833 98
1834 1630 2475
1835 1033 2182
1836 1936 935
1837 647
1838 658
1839 1462
1840 1473
1841
1842
1843
1844 2214
1845
1846
1847
1848
1849
1850
1851 1887 2290
1852
1853 2245
1854
1855
1856 597 1011
1857 452
1858 976
1859
1860 997
1861
1862
1863 1444 2388 1235 2184
1864 424 1063
1865 937
1866 1956
1867 2423
1868 980 96
1869
1870
1871 1587
1872 1729
1873 2296 2346
1874 501
1875
1876 1599 370
1877 936 1479
1878 1219 1250
1879 198
1880 2489
1881
1882 2409
1883 698
1884 378 1645
1885 862
1886 200 1695
1887
1888 159
1889
1890 1099
1891 692
1892 139
1893 757 1740
1894 275 613
1895 883
1896 2086
1897 204
1898
1899
1900 2268 2305
1901 499
1902 1068 2392
1903 557
1904
1905 222 1652
1906 1031
1907 2224 1821
1908
1909 90
1910 2178 73 2427
1911 2473
1912
1913 769
1914
1915 380
1916 925
1917
1918 892
1919 1189
1920 1888
1921 1926 253
1922
1923 2167 2314
1924 268
1925 1440 1721
1926 145
1927 1254 488
1928
1929
1930 350
1931
1932
1933 382
1934
1935
1936 2424 445 2008
1937 1856 2285
1938 129
1939
1940
1941
1942
1943 741
1944 524
1945 1341
1946 1937
1947 1161 2452 986
1948
1949 291 416 1029 1192
1950 1586
1951 244
1952
1953
1954 685
1955 342
1956 2201 998 1478
1957
1958
1959
1960 1866 480 979
1961 587
1962 1114
1963
1964
1965
1966
1967 1938 189
1968
1969
1970
1971 1687
1972 1434 2470
1973 752
1974
1975
1976 2165
1977 2340
1978 1751
1979 2027
1980
1981
1982 1639 425
1983
1984 1328 1796
1985 336 819
1986 2032
1987 1992
1988
1989 2363 1763 1435
1990 1088
1991 74
1992 897 595 2020 2083
1993
1994 2104
1995
1996
1997 990 469
1998 110
1999 1257
2000 1965 2106
2001
2002
2003 1917
2004 2172
2005 1430
2006
2007 1876 1496
2008
2009 1248
2010 1050 1974
2011 1001
2012 86
2013
2014 1629 2169
2015 2112
2016 1058
2017
2018 1146
2019
2020
2021 1028 2447 2497
2022
2023 1206 2317
2024 786 1106
2025
2026 1822
2027
2028
2029 1211
2030 945
2031 448
2032 2237
2033 1007
2034
2035 1371 1287 907 955 1767 1284
2036 2090
2037 1038 2385
2038 2210
2039
2040
2041 158 1177 1782 1996
2042
2043
2044 1978
2045
2046 430 343
2047 734 1401
2048
2049
2050
2051 1338 1513
2052
2053 1345
2054 1995
2055
2056 1010 135 243
2057 1737 969 1318
2058 2131
2059 373 899 1317 2077 2284
2060 2031
2061 320
2062 2295
2063 1906 1299
2064 2304
2065
2066 1188
2067
2068 1537
2069 846 1159
2070
2071 1723
2072
2073 616 1449
2074 26 1223 2066
2075
2076 2173
2077
2078 205
2079 2328 263
2080 2436
2081 35 2373
2082
2083
2084 142 901
2085 1930 1464 2155
2086 1337 188
2087
2088
2089 1989
2090
2091 1209 75 982 1970 2058
2092 1968
2093 1452
2094 798
2095
2096 1877 1969
2097
2098 1986
2099 2451 1841
2100 902
2101 8
2102 1510
2103
2104
2105 1659 457
2106
2107
2108 2299
2109
2110
2111 347 367 1069
2112 895 682 444 1497
2113
2114 1273
2115 1405 553 493 2186
2116
2117 1581
2118
2119
2120
2121
2122 1997
2123 1140
2124 1005
2125 1315
2126 1863 1346 2382
2127 1840 1955 759
2128
2129
2130 826 1504
2131
2132 2398
2133 257 1600
2134 1070
2135 1332
2136 2126 877
2137 1150
2138
2139
2140 1806
2141 232 539
2142 458 484
2143 1197 402
2144
2145
2146
2147
2148 1985 2450
2149 1238 2238 991
2150 1481
2151 111
2152 654
2153
2154 136
2155
2156
2157 266
2158
2159
2160 1173
2161 68 1272 1913
2162 791
2163
2164 242 1104
2165 2266
2166 5 2421
2167 2021 794
2168 1009 558
2169 2183
2170 634
2171 1391
2172
2173
2174
2175
2176 2081
2177 1575
2178 571
2179
2180 395
2181 1283 635 520 1748
2182 708
2183
2184 2327
2185 133 1736 1551 2449
2186
2187 1959
2188 602 2054
2189 1867
2190 2283
2191 45
2192 636 721
2193
2194 22 2397 978
2195 1984
2196
2197
2198 420 1686 2001
2199
2200 2254 1957
2201 517
2202 531 1776
2203
2204
2205 618 627 1236
2206 847
2207 790
2208 2239
2209
2210 1384 2396 1934 2220
2211 252 1355 2107
2212 1410
2213
2214
2215
2216 99
2217 174 1883 2356
2218 1207
2219 1741
2220
2221 1200
2222 822 2495
2223 11 755 107 1012
2224 1372
2225 845
2226
2227 220 443
2228 547 865
2229 2025
2230 666
2231 1267
2232
2233
2234
2235 1237 1123 2232
2236 585 923
2237 2100 2213
2238 886
2239 1422
2240 2443 1750
2241 1198
2242 1910
2243
2244
2245 2148 408
2246
2247 1858
2248 2400 2022
2249
2250 1313
2251 109 1493 702 766
2252 327 619
2253 1326 2311
2254 684
2255
2256
2257
2258
2259
2260 2491 778
2261
2262 624
2263 1998 305 441
2264 240
2265 926
2266
2267 2353
2268
2269 2255
2270
2271 814 1149 2215
2272 818 78 1973 855 1713
2273
2274
2275
2276 207 655
2277
2278
2279
2280 40
2281
2282
2283 817
2284
2285
2286
2287 49 1274 665
2288
2289 2124
2290
2291 605
2292 706
2293 1055 1621 1514
2294 2007
2295 1194 1375
2296 2371
2297
2298 1418
2299 196 1548
2300 549 1292
2301 201 1366 1358
2302 670
2303 210 2174
2304 1927 2293
2305
2306
2307 2194
2308
2309 532
2310
2311
2312
2313 1293
2314
2315
2316 890 551 2199
2317
2318 341 1916
2319
2320
2321
2322 1261
2323 957
2324
2325
2326 2009
2327
2328 16 1905
2329
2330
2331 120
2332
2333 1770 1413
2334 949 1331 806
2335 426 727
2336 1362
2337 203 1471
2338 162
2339
2340
2341 1738 52 1982 2499
2342
2343 1907 279 2342
2344 264
2345
2346 600
2347 1523 1436
2348 317
2349
2350
2351
2352 495
2353 582 1100
2354 1886 486 1674 1807
2355 281 1390 2419
2356
2357 233
2358
2359 417
2360 843 1244
2361 1771
2362
2363 399 1433
2364 1049
2365
2366 2288
2367
2368 1077 827 362 2321
2369 1952
2370 1709 631
2371 1495 745
2372 1801 1655 2315
2373 69 1541 1778 1939
2374 543 1169
2375 13
2376 1195 2010
2377 2337
2378
2379
2380 1631 1262
2381 2270
2382
2383 567
2384
2385 490 1898
2386
2387 1696
2388 1446
2389
2390 1665 722 2479
2391
2392
2393 1166
2394 922
2395 1412 1878
2396 1190 2121
2397 1604
2398 1187 2267
2399 973
2400 528 704
2401
2402 2141 1286
2403 1175 1759
2404
2405 352
2406 102
2407 1641
2408 2458
2409 574 2132 1339
2410
2411 1571 799
2412
2413 2472
2414 47 2306
2415 1379
2416
2417 744
2418
2419
2420 1242
2421
2422
2423 2250
2424 60 1394
2425
2426 1653 758
2427
2428 1643 518
2429 1370
2430
2431 1460 2096
2432
2433 1356
2434
2435
2436 1780
2437
2438 2457
2439
2440
2441
2442 1966
2443 1882 1873
2444 1179
2445 1853 1839
2446 1960 1475 1409 2233
2447 228
2448 28
2449
2450 1501
2451 206 777
2452 2200
2453
2454
2455 1442
2456 2079 1755 2352
2457
2458 237 1662
2459
2460 736
2461
2462 1908
2463
2464 1181
2465 577 669 2080
2466 1642
2467 1757
2468 1855 1912
2469 375 1488
2470 195
2471 641
2472 2030 1614
2473 176 1230 1816 1588
2474
2475 31
2476
2477 875
2478
2479 1157 2117
2480 1397 1311
2481
2482
2483 141 487
2484 1988
2485
2486
2487
2488 472 951 2065 2097
2489 653
2490 608
2491 381
2492
2493
2494
2495
2496 302 303
2497 2383 2095
2498 953
2499
