#/Users/schmidt73/Desktop/fastppm-data/bin/simulate.py --mutations 100 --samples 3 --coverage 1000 --seed 14 --output sim
# GMT Fri Sep 13 14:24:27 2024
# 
0 93 54
1 37
2 39 76
3
4 42 49 81
5 15
6 45
7 23 24 26 34 46 60
8
9 30 61
10
11 62
12
13
14 88
15 66 2 18 90 82
16 29
17
18
19 27
20 89
21 79
22
23 4 6 91
24 17 56
25
26 19
27
28
29 13 51 87
30
31 94
32 8 75
33
34
35 11 12
36 86
37 65
38 50
39 10 53
40
41 28
42 83
43 85
44 55 84
45 57 77
46
47 31
48
49 63 95
50 32 67
51 64
52
53 25
54
55 69
56 96
57 44 41 73
58 47
59
60
61
62 98 74
63 16
64
65
66 80
67
68 36 40
69 97
70
71
72 38
73
74
75 48
76
77 9 52 71
78 7 35
79 78
80 20 72
81
82
83 1
84 43
85 92
86
87
88 99
89 14
90 59
91 70
92
93 5
94 21 68
95 33
96
97 3
98 22
99 58
