#/n/fs/ragr-research/projects/fastppm-data/bin/simulate.py --mutations 500 --samples 3 --coverage 100 --seed 20 --output sim
# GMT Sun Oct 13 15:00:34 2024
# 
0 446
1
2
3 168 236
4 163 160 291
5 254
6 473 430 295
7
8
9 221
10
11 199 264 293
12
13 251
14 230
15
16 451
17 235 490
18 100 40 240
19 129 174
20 46 284
21 499 318
22 9 10 201
23 341
24 450 130
25 394
26
27 260 474 371
28 188
29 73
30
31 440 269
32
33
34 38 401
35
36 57 300
37
38 208
39 480
40 434
41 496 99
42
43 352
44
45
46 441
47 122
48 2
49 237
50 309
51 18 463
52 281
53
54 43 456 448
55 137 483
56
57 15 381 444
58 351 376
59 29 32 207
60 231 443
61 261
62
63
64 182
65 157
66 445
67
68 311
69 268
70
71
72 436 203
73
74
75
76
77
78 270 106
79
80 78 243
81 95
82
83 364
84
85 343 339
86 33
87
88 217 306
89 156 200
90 104 187
91
92 481 331
93 335 334
94
95
96
97
98 367
99
100 348 171
101 435 111 16 70
102 396
103 92 283
104 61
105 178 316
106 428
107 120
108 113 297
109 298
110 28 419
111 457 359 493
112 23
113 475
114 17
115
116 22
117 405 294 169
118
119 225
120 90
121 275
122 101 127 449
123
124 256 271
125
126 181 118 173
127 288 402
128
129
130 150
131 218
132 6 30 63
133 128
134 149 119 257
135
136
137
138
139
140 1
141
142 389 74
143 55
144
145 185 91
146 31 426
147 97 172 400
148 116 114 138 433 469
149 373 11
150 246
151
152 476
153 377
154
155 83
156 290 21
157
158
159
160 303
161
162
163 56 233
164
165
166
167 453 327
168
169
170 27 12
171 141 267
172
173 158
174
175
176 76 442 210
177
178 86 279
179
180 412 147
181 51
182
183
184 212 385 304
185 350 195
186
187
188
189
190 321 58
191 50
192 54
193 299
194
195 109
196 363
197 285
198 397 355
199
200 153 152
201 282 340 420
202 346
203 123
204 439 52
205
206
207
208
209 387 239
210
211 24 368 179
212 216 108
213 418 71
214 117 280
215 139
216 464
217 362
218
219
220
221
222 487
223 125
224
225
226 488 356
227
228
229
230
231 140 3 39 332
232
233 455 253
234
235 479
236
237
238
239
240 159
241
242 49
243
244
245 94
246
247 344
248 103
249
250 213 460
251 4
252
253 241
254
255
256 19 167
257 447
258 273
259 93 423
260 80
261 60
262
263
264
265 431 84
266 42 336
267
268 315 196 454
269
270 259
271 135
272 369 62
273 66
274 429
275
276 338 425
277 204
278 155
279 133
280 215
281
282
283 390
284
285 252
286
287 337 105
288 386
289 258
290 438
291
292 353 229
293
294 226
295
296 354
297 486
298
299
300 197
301
302 424
303
304
305 378 132
306
307 14
308
309 192
310 20
311
312 13 307
313 485 143
314 47
315 398 286
316
317
318
319
320
321 325 82
322
323
324 249 494
325 89 289 205
326 262 393
327
328
329
330
331 102
332
333 209 193 413
334
335 498
336
337 345 292
338 370
339 136 165
340
341
342
343 59 81 206 322
344 361 177
345 247 489
346
347
348 333 180 112
349
350 277
351 404 242 219
352
353 478
354
355 53 115 462
356 228
357 223
358
359
360 379
361 145
362 121 186 492
363 392
364
365 459
366 214 495
367
368 65 87
369 313 232
370 75
371
372
373 437 198 317
374 146 7 131
375 349 452
376 222
377 41 477 497
378 272
379 410
380 365
381
382
383
384 391
385 25 416
386
387 302 380
388 374
389 305 64
390
391 470 244 274
392 45 407
393
394 148
395 124 151
396
397 421 234
398 491
399 126 388
400 328
401 422 347
402
403
404 35 323
405 170 415
406
407 79
408 411
409
410 287
411
412 36 482
413
414
415
416 255
417 98
418 134 427
419
420
421 266
422 263
423
424 48
425
426
427 409
428
429
430 245 375
431 176 96
432 110
433
434
435 384
436 399 224 372
437 142 468 461
438 5 202
439 250
440 312
441 358
442 77
443 465 227 330
444
445
446 360 68
447 458
448
449 308
450 184
451 382
452
453 319
454 189 320 329
455 67
456 161 162
457 484
458
459 414
460
461 265 357
462
463
464 472
465 310
466 278 194 406
467 211
468 69 166
469
470 107 432
471 72
472 471
473 190 296
474 417
475 8 220
476
477
478 191
479 154 175 408
480 144 301
481 314 34 342
482 324
483
484 366 88
485 248
486 276 238
487 326
488 37 466 183
489
490
491 44
492 403
493
494
495 395 85
496 26
497
498 467
499 164 383
