#/n/fs/ragr-research/projects/fastppm-data/bin/simulate.py --mutations 2500 --samples 3 --coverage 30 --seed 20 --output sim
# GMT Sun Oct 13 15:07:22 2024
# 
0 979 1318 2259
1
2 2119 1079
3 695
4 1408
5
6
7 2246 2329
8 1407
9 2055 1299
10 1520
11 1296
12 2489 2257
13 831 2147 1036
14 1736 1926
15 1985 1795
16 540 574 1960
17
18 731 1335
19 1168
20
21 2052
22
23 1573
24
25 1560 995
26 31 1758 2091
27
28 2220
29
30
31 1181 1012
32 240 293
33 1186
34
35 2282 585
36
37 1204
38 42
39 2192
40 209
41
42
43
44
45 1048
46 1526
47 1567
48 1002 2492
49
50
51 236 794
52 1038 2254
53
54
55 81 2286
56 2430
57
58 548 485 777 1133
59
60
61
62
63 577
64 1742
65 1460
66 73 2279
67 2047 2046
68 1986
69
70
71 1279 1521
72
73 579 1681
74
75
76 965 1240
77 372
78 737
79
80 486 270 426
81 1022
82 342
83
84 1093 2051
85
86 2494 815
87 875 1301
88 2451
89 72 1669 1219
90 538 776
91 2099
92 680
93 304 423 513
94
95 2263 2017
96 2379
97 927
98
99 57
100 1192 652
101
102 1075 1440
103
104 1964
105
106 6 1213
107 53
108
109 1200
110 847
111
112
113 1008
114 1731
115
116 2072 2001
117 1231 2331
118
119
120 1920 1061
121 153 2278
122 1677
123
124
125
126 168
127 846 439
128
129 92
130 9 120
131 788
132 2014
133 1621 171
134 1198 1258 1688
135 2249
136 150
137 1015
138 1566
139 2316
140
141
142 1267
143 983 19
144
145 2314
146 347
147 2320 1595
148
149 1987
150
151
152 678
153 145
154
155 263
156
157 727
158
159 581 530
160
161 514 2173 2120
162 2061
163
164
165
166
167 949 1542 1954
168
169 1097
170
171 2144 300 716 1774
172 1130 285
173 1106
174
175 2092
176 1218
177 2333 406
178 1193 2273
179
180
181 1957
182 231
183
184 1221 937 1473
185
186 673
187
188 694
189 166 1226 1281
190 2396
191
192 2391
193 1409 1159
194 319
195 4
196 212 803
197
198 39
199 1839 2101
200 991 774
201
202
203 670 1054
204 2231 242
205
206 1223 1464
207 1057 2357
208 768
209
210
211 61 321
212 754
213
214
215
216
217 2199
218
219
220
221 1826
222 1340
223
224
225
226 1380
227
228 1530
229
230
231 1591
232 968
233 2115 1388
234 1673 2459
235
236 2358
237 1446
238 1741 536 646
239 2427
240 964
241
242 1817
243
244
245
246 998
247 603
248 516 1625
249 357 617 1619
250 70
251
252 1693 1697
253 295
254 1282 1988
255
256 1122
257 2016
258 611
259 328
260 139
261 1011 1564 2151
262 2285
263 2351
264
265 167
266 1676 1675 969
267 2439 2484
268 2288
269 449 950
270
271
272 955 2042
273 2478 1392
274
275
276 746 2424 1345 650
277
278 468
279 960 1629 2294
280 1484
281 916
282
283 1563 1852
284
285 223
286
287
288 397
289 351 756 1528
290 352
291 2497
292 2025
293
294
295 464 691
296 762
297 606
298
299
300
301
302 384 2183
303
304 15
305 1056 814 2449
306 1241
307
308
309
310 1401
311
312 34
313 89
314 5 1574
315
316 74 2385
317
318 2450 294
319
320 1266
321 1561
322 484 1456
323
324 1307
325 444 2401
326 1051
327 1170 1300
328 888
329 1235 1390
330
331
332 686 2436
333 1077
334 2012 2476 642 845
335
336 543 761
337 850
338 1230
339 1823
340 2295
341
342
343 1397 227 726
344 1533 972 2364
345
346 1169
347 515
348 1395 1506
349
350
351 1177
352
353 2179
354
355
356
357 93 2050
358 2421
359
360
361 350 1603
362 1898 1470
363
364
365
366
367
368 1635 1641 1702
369
370
371 48 2035 1539 1998
372
373 2373 1552
374 1498
375
376 1331 1064
377 683
378
379 312
380
381
382 420 1927
383
384
385 2005
386 109 2171
387
388
389 2447
390 2243 1670 1028 2297
391 46 1047
392
393
394 340 1637
395 442
396 851
397 152
398 1477 929 2100
399 984 327
400
401
402
403 1414 267 1554 224
404
405 1734 2177
406
407 462
408 1667 1394
409 719 773
410
411 2361
412
413 200
414 664 2169
415
416 988 1234
417
418 2238 2065
419 522
420 1833 438 1322
421 51
422 1586
423
424
425 43 100
426 1531
427 479
428
429
430 1568
431 608 1358
432
433 993
434
435 194
436 1545
437
438
439 607
440 2441
441 1073 1428 2405
442
443 27
444 1328
445
446 1246
447 1642
448 483
449 602
450 2093 2180 1845
451 1104
452
453
454 1791
455 1911
456 290 1286 961 1302
457 869
458
459 125
460 952
461
462 238
463 1940
464 1907
465 1620
466
467 1190
468 1598 2423
469
470
471 155 2122
472 54 116 1611
473
474 1349 910
475
476 1149
477 1700
478 1558
479
480
481 1516 2240
482 440 2420
483 1253 1035
484 289 2330
485 2269 1872
486 1033
487 165 390
488 795
489 1069
490
491 2140
492
493 1263 135
494 1114 568 2083
495 780
496 2232 1176
497 445 2069 2228 2454
498 2343 654
499
500 1319
501
502 454
503 1923
504 1248 1880 571
505 1921 594
506 208 1935
507
508 2168 2059 2053
509
510
511 1924 550 1026
512 262 834 1689 1754
513
514 1767 258
515
516 1648
517
518
519
520
521 471
522 1841 380 1816
523 1337
524 501 1980
525 2019
526 524 874 2087
527 241
528 1103
529
530
531 2406
532
533 108
534 1656
535 448
536 2387
537
538 769 366
539 1652
540
541 1523 1655
542 790
543 1515
544
545 143
546
547 854
548 945 557
549 205
550
551
552 2086 99 1776 601 2448
553
554 693 977
555 365
556 1930
557 292 1647
558 2302
559 1764
560
561 926
562 1386
563
564 2207
565 823
566 2340 2024
567
568 159
569 2136
570 1112
571 641
572 2037
573 532
574 2130 2134
575
576 206
577
578
579 257 427 564
580
581 1144
582
583 215
584
585
586
587 229
588
589 2004
590 2375
591 521
592 659
593
594 1187 1132
595 2176
596
597 2322
598
599 2229 973
600 299
601 187 1889
602 379
603 405 2010
604 1969
605 1043
606
607
608 367
609 1782
610 1265 2349
611 1121 2137
612
613
614
615
616
617 1832
618
619
620 2392
621 713 877
622 254
623 2118
624
625 2244
626
627 559 970
628 2153 1474 1509 2350
629 1044
630
631 805 1290
632
633 644 2434
634 1325 987
635
636 1031
637
638 2274
639 1423 437
640
641
642
643 2248
644 128 1650
645 1255 450
646 1109
647 923
648 2334 1896
649 1351
650
651
652 230 2152 1297
653
654 2480
655
656 917 1497
657 21 1549
658 85
659 325 1917 1222
660 269 1874
661 10 857 778
662
663
664 765 157 1548
665
666
667 906 2344
668 1364
669 179 940 1602
670 1929 2460
671
672
673 2082
674 2455
675
676
677 862
678
679
680 2328 369
681 742
682 1461
683
684
685 822
686 551 1738
687 541
688 1636 2415 1768
689 1313
690
691
692
693
694
695
696 2027
697
698
699 1529
700
701
702 2400
703 1086 798
704 2384
705
706 79
707
708 1644
709 1060 1862
710
711 963 2164
712 733 490
713 2204 1838
714 561
715 1803 280
716 1672 1748
717
718
719 1762
720
721 2261
722
723 2407
724 63 1339
725
726 1158 867
727 2196
728 1908 2135
729 666
730 499 1238 2156
731 222 361
732 994
733 981 2410 526 2284
734 404
735 1171 434
736
737 879
738 575
739 1016
740 1095
741 1472 1866
742 1324
743 1129
744 1071
745 1723
746 281 103
747 2201
748 1415
749 1393
750 2432
751
752 413
753 725
754 1275 1589
755 1728
756
757
758 1164 1802 1956 936 1810
759
760 935 1206
761 59 156 368
762
763 2077 721
764 1125 1377
765 837
766 311
767 62
768
769 394
770 1666
771 2241 542
772
773
774 489
775 140
776 897
777
778 1027
779 329
780
781 419 1827 2113 2369
782
783 488
784 661
785 1730 1209
786 1360 1978
787 870
788 901 986 589 1416
789 2461
790 1247
791
792 47
793 416
794
795 1596 2002
796 138 2106
797 291 1749
798
799 1433
800 669
801 724
802
803 1965
804
805 1244 1686
806
807 743
808 33
809
810 252
811 349
812
813
814 1974
815 1958
816 1327 1371 975
817 1599 348 2191
818 2
819 807
820 1066
821
822
823
824 188 234
825
826 430 341
827 2018
828 1724
829
830 1781
831 1491 1422 2126
832 1719
833 1706
834 943 2289
835
836
837 818 23 1575 1141 2222
838 233 278 1276 651
839 1784
840 752
841 402
842
843
844 160 210
845
846 1208 1972
847 1659
848
849
850 256
851 2203
852 1572 1711
853 604 1752
854
855
856
857 1901 2013 1744
858 736
859
860
861 24 1391
862 621 1984
863 2217
864 2175
865 435
866 2336 878
867
868 324 1294
869 193 1332
870
871
872 676 1347
873 401
874 934
875
876
877 679
878 1091 942
879 948 1811
880 1420 1466
881 668
882
883 2324
884
885
886 382 1691
887
888
889 1534 2174
890
891
892
893
894 2485
895 584
896 1822
897
898 1705
899 1273 356
900 1976
901 172
902 1330
903
904 1396 1899
905 2127 1643
906 1146
907 247 1701 1761
908
909 1389
910
911
912 518 1585
913 1583
914
915 816 2418 1304
916 1425 1970
917
918 597
919 1354 519 1511 1604
920 20 838
921
922 1944 376 871
923 184
924
925 1687
926 97
927
928
929 1772 710 1720 1973
930 203 232
931 2332 801 330
932
933 55
934
935 2089
936
937 251 1188
938
939 898 739
940
941
942 583
943
944 2482 126
945 1010 785 1518
946
947 535 1777
948 1931
949 88
950 1042
951 704 1737 2239
952
953 1020 136 1600
954
955 1983
956
957
958 549
959 784
960
961 1333
962 865
963
964 180 629 1080 1541
965 2057
966
967 1613 1215 1578 1993
968
969 588
970
971
972
973 84
974 596
975
976 476
977
978
979 142 343 808
980 119
981 610
982 1111 2383
983 715
984 930 1471
985
986 2475
987
988 381
989
990 2062
991 1493
992
993 1475
994 1716 1829
995
996
997
998 2413 1783 1634 1654
999
1000 2236
1001 1145
1002
1003 1997
1004 391 2399
1005
1006 83 893 1501
1007 638 1630
1008
1009
1010 1092 2390
1011 786 1934
1012
1013 753
1014 2456
1015
1016
1017 359
1018
1019
1020 1309
1021
1022 2270
1023
1024 243
1025 1991
1026 1405
1027
1028 681
1029 1981 2381
1030 682 903
1031
1032 1661
1033 2160
1034 1865
1035
1036 2290
1037 2443
1038 907 2041
1039
1040
1041
1042 1305
1043 398 567
1044 976
1045 1379 2185
1046 503
1047 1259
1048
1049 1197
1050 714 1645
1051
1052 2225 2483
1053 1443 1743
1054
1055 2305 1525 702
1056 2298
1057 1098
1058 154
1059 18
1060 1385 630
1061 692
1062 1894
1063
1064 176 415 2103
1065
1066 2068
1067
1068
1069 956
1070
1071 277 799 2237
1072
1073 2342
1074
1075
1076
1077 1087
1078
1079 339
1080
1081 829
1082 1512 2444 1381
1083 2463 1161
1084 197 1479
1085 338 1013
1086 371 115
1087
1088 1096
1089
1090 1107
1091 1059 749
1092 131
1093
1094 1707
1095 1867
1096 1251 2339
1097
1098 400 2433
1099
1100
1101
1102 827
1103
1104
1105 882
1106
1107 1903
1108 272
1109
1110 2306 301
1111
1112
1113 2028
1114 1857 1278 2359
1115
1116
1117
1118
1119 2397 2033
1120 1763
1121
1122 2154
1123
1124
1125 403
1126
1127 1308
1128 1668 375 1977
1129 1721
1130 1178
1131 1765
1132
1133
1134 1503 1942
1135 1058
1136
1137 900 1217
1138 967 866 1455
1139
1140 1490 507
1141 842
1142 1735
1143 843
1144 1421 1953
1145
1146 2337 1597
1147
1148
1149 856 883
1150 864
1151 1843
1152
1153
1154 2264 248
1155 933 1003
1156 2166 779 1582
1157 632
1158 497 751
1159 2221
1160
1161 2352
1162
1163 1794 1072
1164 599
1165
1166 428
1167 953 648 2360
1168 766 1127
1169
1170
1171 457 1943 546 1406
1172 985
1173 1194 989
1174
1175
1176
1177 114
1178 441 1136
1179
1180 1808
1181 508
1182
1183 1082
1184 1006 1236
1185 1353
1186
1187 22 2438
1188
1189 2073 1148
1190 1413
1191 1797
1192 185
1193 2111 1457
1194 137
1195 1662
1196
1197 1404
1198 712 1718
1199
1200 237 2372
1201 1878
1202 2058
1203 28 1538
1204
1205
1206
1207
1208 1750 1045 1311
1209
1210 246 1631
1211 2124
1212 1543
1213 181 482 1938
1214 189 1883
1215
1216
1217
1218
1219
1220 792
1221 817 76
1222
1223 95 1402
1224 373 1967
1225 1912 2036
1226 1156
1227 920
1228 889
1229 1514
1230 414
1231 592
1232 723
1233 1118 2272
1234 1632 1895
1235 958
1236 1684
1237
1238
1239 2141 149
1240 2149
1241
1242
1243 1272
1244 1336
1245
1246 1138
1247 2252
1248 1062
1249 1373 2356
1250
1251
1252 1184
1253 506
1254 980
1255 677
1256 2251 734
1257 2011
1258 50 787
1259
1260 1041
1261 87 947 1726 2283
1262 1150 2265
1263 26 992
1264 1751
1265 204 1945 2102
1266 273 2165
1267 1757 1946
1268 2495 1372 793 2304
1269
1270 2215 1547
1271 286 631
1272
1273 2247
1274
1275
1276 354 1449
1277
1278 1352 2354 913 1124
1279 1796
1280 1959
1281
1282 29 1382
1283 1196
1284 922
1285 558 1089 1755
1286 388
1287 1610
1288
1289 2464
1290
1291 1362
1292 198
1293
1294
1295
1296
1297
1298
1299
1300
1301
1302
1303
1304 183 1618
1305 687
1306 1085 510
1307 1891
1308 1441
1309 1616 13 844
1310 1703 1565
1311
1312 2233 1088
1313
1314 1884
1315 2292
1316 469
1317
1318 1699
1319
1320 860
1321 667 2452
1322
1323 2499 2388
1324
1325 60 2003 2268
1326 570
1327 2056
1328
1329 313
1330 771 260 1876
1331 1821 655 921
1332 1546
1333 1658
1334 36 1249
1335
1336 912 1557
1337 112
1338
1339 2291
1340 217 783 809 1400
1341 1859
1342 1314 1436
1343 1653
1344 1639 1759
1345 1459 1947
1346 1291 625 1289
1347 1861
1348
1349 1486 2258
1350 377 1163 2409
1351
1352 147 1233
1353 220
1354 472 2355
1355 2293
1356 1000
1357 2300
1358
1359
1360 7 1191 1890
1361 634 615
1362 1624 69 1274
1363 1368
1364 1704
1365 259 2071
1366
1367 1366
1368
1369
1370 1747
1371 609
1372 32
1373 2327 547 1480
1374 728 1527
1375 802
1376
1377 288
1378 2370
1379 418 30
1380 148 1476 1685 2255
1381
1382 2319 1524
1383 1806
1384
1385 1418
1386
1387 443
1388 2253
1389
1390 2094
1391 931
1392
1393
1394
1395 555
1396 1052 2488
1397 732
1398
1399 810
1400
1401
1402 163 1481 1837
1403 1982
1404 211
1405
1406
1407
1408
1409 2493 684
1410 996
1411
1412 796
1413 11 1800
1414 1871 919 2030
1415 636
1416 2496
1417 424 463
1418 110 2098 2245
1419 647 2341 2466
1420 2481
1421 282
1422 520
1423 107 86
1424
1425 552 1316
1426 190
1427 582 1100 2386
1428 2275
1429
1430 1227
1431 1584 202
1432 1996
1433 1892
1434 750
1435 1588 1510 685
1436 68 908
1437 781 1680
1438
1439 915 1941 1323
1440
1441 2226
1442 66
1443 317
1444 748
1445 2080
1446 740 824
1447
1448
1449
1450 1225
1451
1452 892
1453
1454 162
1455 1365
1456 2188
1457
1458
1459 465
1460 322 2457 1376
1461 1049 264
1462 1855 1622
1463 2250
1464
1465
1466
1467 302
1468 1638 1696
1469 1128
1470 1570 2429
1471 718
1472 1587
1473
1474 1812
1475
1476
1477 1853 741
1478
1479
1480 1115
1481 1489
1482 494 186
1483
1484
1485 2116
1486 505
1487 665 1105
1488 1770
1489
1490 177 653
1491 1989 806
1492 2067 690
1493 1032
1494 1126 2008
1495 591
1496 656 1607
1497 1966
1498 675
1499 2109
1500
1501
1502
1503 473
1504 2338 840 1798 1994
1505 1936 378
1506
1507 2132 1228 2276
1508 1403 789
1509 2172 1174
1510 410 928
1511
1512 1740
1513 1792
1514
1515 1513
1516
1517 1608
1518
1519 385 2419
1520
1521
1522 314 1949
1523 782
1524
1525 1310 643 757
1526
1527
1528 863
1529
1530 572 797
1531 1646
1532
1533 698 1592 1844
1534 660
1535
1536
1537 722
1538 2129
1539 1674
1540 1110 1790 620
1541 1502 2368
1542 1083 2214
1543 2190
1544 496
1545 2446
1546 1076
1547 1452
1548
1549 14 1356 1893 2260
1550 383
1551 407 2006 1160 2146
1552
1553
1554 1084
1555
1556
1557 890
1558
1559 1359
1560 2125
1561
1562
1563 2032 296
1564 876 1355
1565 2045 730
1566 1344
1567
1568 1361 2074
1569 182 924 1120
1570 974 2112
1571 1830
1572 1847
1573 560
1574 1070
1575 1664
1576
1577
1578 1277
1579 1485
1580
1581
1582
1583
1584 396
1585
1586 2266 2315
1587 1320
1588 239 1789
1589
1590
1591 228
1592
1593
1594
1595 2394
1596 1771
1597
1598 245
1599 1507 744 1633
1600 1202
1601
1602
1603
1604
1605
1606 2079
1607
1608
1609 2435
1610 1050 1955
1611
1612
1613 1167 82 2143
1614
1615
1616 531
1617 1134 1317
1618
1619 393
1620 364
1621 161 855
1622
1623 481
1624 1224 1387
1625
1626 772 1553
1627 2208 459 509 858 2107
1628 2367 1367 1453
1629
1630
1631 966
1632 1074
1633
1634 573 2281
1635
1636 1439 1775
1637 637
1638 1769
1639 1793
1640
1641
1642 819
1643
1644 1601
1645
1646
1647
1648
1649
1650
1651 35 1500
1652 1828 2161 2311
1653
1654
1655
1656 2000
1657 759
1658
1659 478
1660 1232
1661 533
1662
1663 767
1664 315 1427
1665
1666 1846
1667 1285 1375 1887
1668 1292 2417
1669 853
1670 475 1858
1671 1329 2440
1672
1673
1674
1675 1968
1676 2007 1063 2131
1677 1442
1678 1437 1411 1581
1679 1919
1680 25 1671 2404
1681
1682
1683 852
1684
1685
1686
1687
1688 1117
1689
1690
1691 1799
1692 1039
1693
1694 997 1836
1695
1696 2416 1099
1697
1698 1280
1699 196
1700 1268 1864 219 2206
1701
1702
1703 1419 911
1704 1306
1705 12 763 213
1706 275
1707 2031
1708
1709
1710
1711
1712 1870
1713
1714 2393
1715 527 480
1716 283 1962 91
1717 1315 705 1260
1718 812
1719
1720
1721
1722
1723
1724 387 1544 1556
1725 1492
1726
1727 422
1728
1729
1730 707
1731 1807
1732 1494
1733 735
1734 504 954 1019
1735 1571 1818 1185
1736
1737 578
1738 1640
1739
1740 1606 191
1741 1975 1326 2049 2442
1742 431
1743
1744
1745 1119
1746
1747
1748
1749
1750 545
1751 830 1722
1752 1577
1753
1754
1755
1756 58
1757 127
1758
1759
1760 111
1761
1762
1763
1764 374 2271
1765 1458
1766
1767 192 201 2155
1768 2020
1769 121
1770 1014
1771
1772 689
1773
1774
1775 529
1776 826
1777
1778 56
1779 590 2313
1780 2376
1781 38 1090
1782 811 1937
1783 1787
1784 2048
1785 1467 1773 2326
1786 2303 1950
1787 218
1788
1789
1790 2235
1791 1860
1792 1877
1793 2076
1794 2227
1795
1796 1932
1797 946
1798 1909
1799 2209
1800 671
1801 2325
1802 1312
1803 2408
1804
1805 2491
1806 1995
1807 696 1499
1808
1809 1569 1189 2474
1810
1811 1207
1812 1435 885
1813 323
1814 331
1815
1816
1817 1239 2200
1818 2108
1819
1820
1821 249 2163
1822
1823 1256
1824 2301
1825 836
1826 1399
1827
1828 2085 2299
1829 1220 370 813
1830 45 1398
1831 2211 2296
1832 271
1833 622
1834 1237
1835 1873
1836
1837
1838
1839
1840 274
1841 1756 461 1131
1842
1843 861 1374 2318
1844
1845 1961
1846 1760 225 2060
1847
1848
1849 587
1850 2150 1143 2437
1851 1252
1852 1850 635
1853 113 627
1854
1855 1254 1535 2377
1856 1053
1857 75 2133 453 1180
1858
1859 1021
1860
1861 711 1288
1862 447
1863 1030
1864 1270
1865 1195
1866 2084
1867 605 2216 887
1868 80
1869 758 2182
1870
1871 41 2054
1872
1873 1465
1874 362
1875
1876
1877 1431 626 1605 1729
1878 899
1879 2213 1447
1880 235 720
1881
1882 1834
1883
1884 1264 645
1885 959
1886
1887
1888
1889
1890
1891 94 2280 821
1892
1893 1682
1894 122 456
1895
1896
1897 207
1898 873
1899
1900 2219
1901 123 279
1902 358
1903
1904 1055 334
1905
1906
1907
1908 539 586 2425
1909
1910 78 433
1911 337 1804
1912 2023 102 1727
1913
1914 951
1915 828 432
1916
1917 1805
1918 2242
1919 129
1920 775 1612 2078
1921 2498 944 1293
1922
1923
1924 1863 880 2378
1925 663
1926
1927 1024
1928 2380
1929
1930 1915 612
1931
1932
1933 1710
1934 1303
1935 303 1243
1936 1778
1937
1938
1939 90 1135
1940
1941 1029
1942 1018
1943 1454
1944 1140
1945 895 2403
1946 1933 1990 2184
1947
1948 195
1949 1615
1950
1951
1952 1034
1953 1708
1954 770 1715
1955
1956 576
1957 1562
1958
1959
1960
1961 458
1962 1868 1007 941 2347
1963 2029
1964
1965
1966
1967 1216
1968 562 2277
1969 216 613
1970 284
1971 455
1972
1973
1974 1614
1975 990 2063
1976 134 1078
1977
1978 8 706 1462 395
1979
1980
1981 886 820
1982 316 151 1005
1983 474 1519
1984
1985 971 2021
1986 1067 2026
1987
1988
1989 1508 344
1990
1991 1951
1992
1993
1994 2362
1995 839 978 1147
1996
1997 1660
1998
1999 902
2000 1517
2001
2002
2003
2004 649
2005 1426 1779
2006 534 1952
2007 688 360
2008
2009 1341 1692 2479
2010 500 2187
2011 446 1815
2012 49 1271
2013 1713
2014
2015
2016
2017 2070
2018 1469 244
2019 498
2020 345 492
2021
2022
2023 2043
2024
2025
2026 1576
2027 1 1842
2028 255
2029
2030 1879 1166
2031 1590
2032 1430 708
2033
2034 2114 595
2035 1162
2036 2039
2037 1214 2470
2038 1384
2039
2040 1831 1540 164 487 1357
2041 1483
2042 2321
2043 2034
2044 1370
2045 1617
2046
2047 628 1593
2048
2049
2050
2051
2052 65
2053 2462
2054 1971
2055 1334 1739
2056 1904
2057
2058 2066
2059 1657 1363
2060
2061
2062 1678 2022
2063 1378 1714
2064
2065 2426 633 1626
2066
2067 1801
2068 144
2069 1487 2128
2070
2071 2194 2218
2072 1205 1298
2073 466 1922
2074 2181
2075 1488
2076 1211 1369
2077 174
2078
2079 52 1694
2080 470
2081
2082 1283
2083
2084
2085
2086 1004
2087 2431
2088
2089 2256
2090 1009 1913
2091
2092 408
2093 1350
2094
2095
2096
2097 833 848 1848
2098 1445 1269
2099 658 580
2100
2101
2102
2103
2104 1928
2105 1914 957
2106 491
2107 1786 1835
2108 96
2109 436 623 1338
2110
2111 1448
2112 1820
2113
2114 77
2115 2205 1766
2116 554 2309
2117
2118 2262
2119 1412 1154 1040 1478
2120 528 618 2308
2121 2468
2122
2123 250 835
2124
2125 2312 2090
2126
2127 412 1139 2363
2128 1250
2129 2267
2130
2131
2132 1468 841
2133 1939
2134
2135 2230
2136
2137 1152
2138 745 1172 1888
2139
2140
2141 425
2142 544
2143 1814 2458
2144 1261 701
2145 2044
2146
2147 1809
2148
2149
2150 2487
2151 1410
2152 1902 1116 2139
2153 1869 1151
2154
2155 932 2121
2156
2157 1849 1536 2414
2158 2104
2159 2398 2110 2453
2160 1173
2161
2162 738
2163 170
2164 1424
2165
2166 2178
2167 2366 894
2168 2402 2198
2169 614 891
2170
2171 896
2172 117
2173 1495
2174 98 1649
2175 2486
2176 1725
2177
2178 399 600
2179
2180 1628 2197
2181
2182 2472
2183
2184
2185
2186 3
2187
2188 1203
2189 616
2190 318
2191
2192
2193
2194 512
2195 1346 1522
2196 389 859
2197 1065 1153
2198 2365
2199 674
2200
2201 502 593
2202
2203 2040
2204 709 2234
2205 1179 1690
2206
2207 1321
2208 40
2209 2142
2210
2211 320 517
2212
2213 1910
2214
2215 1948 169 1537
2216 2348
2217 1025
2218 409 1229
2219
2220 2148
2221
2222
2223
2224 1505 1450 1825
2225 1559
2226
2227 938
2228 1819
2229 657 1068
2230
2231 265
2232 1094
2233 493 2117
2234
2235 1183
2236 764 214 1900 2212
2237
2238 336 672
2239 825
2240 2095
2241 2123 569 909
2242 1840
2243 392 832 2465
2244
2245
2246
2247 962
2248
2249 523 566
2250
2251 1856 918
2252
2253
2254
2255
2256 939
2257 2081
2258 158 495
2259 335 717
2260
2261 2105
2262
2263 884
2264 146
2265 1157 1532
2266 904
2267 1342
2268
2269 1882 2317
2270 624
2271
2272
2273 2145
2274 755
2275 1102 306 563
2276 2428 2307
2277
2278
2279 1733
2280 640 1683
2281
2282 1417 914
2283
2284
2285
2286
2287
2288
2289
2290 556 2038
2291 1017
2292 178 1905
2293
2294
2295 287 1432
2296
2297
2298 67
2299
2300
2301 1623
2302 2075 697
2303 1434
2304 1788
2305 1679 386 1918
2306 1627
2307
2308
2309 1165
2310 346
2311
2312 411
2313
2314 1504 1695
2315
2316 2193
2317
2318
2319 71 1201
2320 700
2321 132 2310 1451
2322
2323 2473 2346 1906 2374
2324
2325 2412 791 1709 1881
2326
2327 511 1785 1037
2328 1551 307 1496
2329
2330 2389
2331 804 1979
2332 1212 310
2333 2186 326 982
2334 105
2335 699
2336 16 703 452 2162
2337 1925 1665
2338 1257
2339
2340 1182
2341 175
2342 881
2343 104
2344 1081
2345
2346 1348
2347
2348 2138
2349 333
2350 1854
2351
2352 1555
2353
2354 268
2355 1886
2356
2357
2358 2189
2359 2088
2360 537
2361 2477
2362
2363
2364
2365
2366 261 297 662 1001
2367 905
2368
2369
2370
2371 1438
2372
2373 2445 1463
2374 2382
2375 1753
2376 1813 451
2377 2096
2378
2379 1999 1851
2380
2381 800
2382
2383 2064
2384 353
2385
2386
2387 124 849
2388
2389
2390 2159
2391 1284 553 1594
2392 64 2395
2393 1916 2158
2394
2395
2396 467 2009 1875
2397 1108 1113
2398 729
2399
2400 173 1550 1123
2401 747
2402 276 2411
2403
2404
2405 298 355
2406 106 760 2210
2407
2408 1137 2469
2409
2410 1287
2411
2412 1824
2413 118
2414
2415 1745 1780 1295
2416 363 1242
2417 460 2015
2418 1717 1579
2419 525
2420 1712
2421
2422 1609
2423
2424 1897 2345
2425
2426 1142 565
2427 2167
2428 1444
2429
2430 199 2202
2431
2432 1175
2433
2434
2435
2436 619
2437
2438 101
2439 2224
2440 2422
2441
2442
2443
2444 221 308 2223 2353
2445 133 1199
2446
2447
2448 1101
2449
2450 1262 1663 1482 1023
2451 477 226 872
2452 2471
2453
2454
2455 1651
2456 17 309
2457 2097
2458
2459
2460
2461 1245
2462
2463 44 999
2464 2323 1732
2465
2466 1580
2467 2335
2468
2469 1155
2470 2170
2471 1698
2472 130 868
2473 925
2474 1963
2475 1210
2476 2157 2490
2477
2478 1885
2479
2480 1429
2481 598
2482 37
2483
2484 417
2485 1383 1746
2486 639
2487 253
2488
2489 429
2490
2491 2467
2492
2493 141 2287
2494 1046
2495 305 266
2496 1992
2497
2498 2195 332
2499 421 1343 2371
