#/Users/schmidt73/Desktop/fastppm-data/bin/simulate.py --mutations 2500 --samples 3 --coverage 100 --seed 15 --output sim
# GMT Fri Sep 13 14:36:23 2024
# 
0 947
1
2 1720
3
4 1697
5
6 197 872
7 42 1874
8
9
10
11 1252 1937
12 878 1123 953 2381
13
14
15 2202 269 675
16
17
18
19
20 1345
21
22 2388 2223
23
24
25
26
27 710
28
29
30 1947 1089
31 498 2206
32
33 260
34 920 2471 2077
35 1498 1463 1764
36 2430
37 1103
38
39 2311
40 512
41
42 1905
43 1137 1647
44 2258
45 1452 1238
46 502 1028 462
47 1250
48
49 1787 1321
50
51 1749
52 2394 2462
53 323 700 2043 2370
54 809
55 887 1430
56 1510 1572 2359
57 1035
58
59 1040 2096
60 1146
61
62 2248 2169 493
63
64 192
65
66
67
68
69 2238
70 315 452 2175
71
72 211
73
74
75 2173
76 360 400
77
78 1274 2321
79
80 605
81
82
83 513 119 1699
84 1833
85 2153
86
87 1229
88 2469 1289 1194
89 1946 2374
90
91 823
92 1164 299
93 298 1130
94
95 35 1278 1852 1268
96 420 525 1754
97
98
99 185
100 1630 1373
101
102
103
104
105
106 2062 768
107 1438 1350
108
109
110
111
112 10 1257 1346 1690
113
114 2449
115 1644
116 1377 769
117 1532 1481
118 1915
119
120 2468 1529
121
122 200 745 840 2182
123
124
125 1157
126 2207
127 68 1018
128
129
130
131 2393 1643
132 339
133 1534
134 1868
135 1179
136
137 2484 287 1318 694
138
139
140 263 1654
141 1090
142 1970 928 1192 2378
143 914 1108
144 273 1842
145 136 1322
146 843 821
147 612
148
149
150
151
152 1601 1901
153 1202 1235 1788
154 1927
155
156 1898 1217
157
158
159 2191
160
161 2116
162 215
163 1745
164 510 618
165
166
167 295
168
169
170
171 666 41
172
173 924
174
175
176
177 1658 2341
178
179 242 1810
180 753 8
181 687 2072
182
183 867
184
185 1574 783 2384
186
187
188
189 213 1596
190 1957
191 791
192 1542 2417
193
194 483
195
196
197 2407
198
199 2161
200 410
201
202 2157
203
204 2412
205 1758 2097
206 1632 556
207 195 272 1470
208 117 1910
209 2331
210 12 1841
211
212
213 469
214
215
216 205 1237
217
218 735 2210
219 444 778 617
220 900
221 1664
222
223 2411 1742
224 2073
225 541 704
226
227 96
228 129
229
230 1065 568
231
232 1190
233 1379
234 343 409
235
236 2265 1117
237
238 2239
239 2195
240 1591
241 2461 677 1036 1857
242
243
244 654 2326 2456
245
246
247
248 1380 476
249 647 660
250 855
251
252
253
254 401
255 1474 1294
256 913 1099
257 285 678
258 109 333
259
260 16
261 365 1793 1902
262
263 766 796 2201
264 2400 1386
265 1450
266 1056
267 1623 1234 1967
268 1414 1409 1964
269 869
270 1006 155 626 1154
271 1577
272 674
273
274 1397 894
275 810
276
277
278 53
279
280
281 2391
282
283
284
285
286 5
287 2052
288 1335
289 1448
290 996
291 1407 2338 1997
292 1648
293
294 408
295 672 2147 398 994 1239 2458
296 1872
297 17 1815
298 135
299 454 1665
300
301 2305 488
302
303 1987
304 1362
305
306
307 665 491 1369
308
309 1515 987
310 230 1012 1622 1660
311 304
312 1925
313 49
314 1367
315 2245 1549
316
317 2266 2227
318
319
320 1998
321
322
323 158
324 1423 2133
325 1861 472 692 1612 1908 2404
326 1859 2279
327 351 1523
328 1488
329
330 72
331 1573 1646 2040
332 1821 2428
333
334 1519
335 1497 2055
336
337
338
339 1794
340 126 1383 1102 2181
341
342
343 367 852
344
345 2302
346 2098 446
347
348 1739
349
350 1039 2497
351 1933
352 2466
353 1689
354 372
355
356 507
357
358
359 762 1545
360
361 89 334 506
362
363 132
364 1526 1773
365 923
366 685
367
368
369
370 1427 1395 433
371 1214
372 7 1594
373 836
374
375
376 1556 24 1400
377 389
378 1919
379 696 1086 1348
380 750
381 864
382
383 518
384 563
385 356 859
386
387 1943
388 799
389 321 464 1073
390
391 258
392 2091
393 28 1877
394 2491
395
396 1306
397
398 1814
399 27 1076 2418
400
401 1980
402 2196 697
403
404
405 1536
406 559
407 183
408 381
409 962 881
410
411
412
413
414 917 1666
415
416 280 1512
417 489 2092 1246
418
419 1777
420
421 122 1302
422
423 98
424 553
425 804 842
426
427 1449 2337
428 671
429 2465 1724
430 942
431
432 1607
433
434 1477
435 1561
436 526
437 2204
438 2178
439 772 1269 2082
440
441
442
443
444
445 1981 202 153
446
447 301
448 2410
449 412
450 1017 1285
451 130 2330
452 208 2289
453 1620
454 1296 123 353
455 2426 309
456 706 1372
457
458 1211
459 453 282 1537
460 2144 997 1479
461
462 829 547 850
463 978
464
465 1597
466 1636 1148
467
468
469
470 2283 908
471 2106
472 875
473 712
474
475 228
476 1610
477
478
479 1170
480
481
482 1048
483 980 2478
484 1869 1469
485
486 890
487 1471
488 968 1309 2356
489
490
491 1251 1637
492 349
493 1182
494 1662
495
496 1513
497
498 327 1876
499 413
500
501 1260 207 1883
502 1511 1279 1625
503 2271
504 2372
505 1538
506 1068 1078
507
508
509 757 2241 1064 1385
510 403
511 1244
512
513 658 877
514
515
516
517 571
518
519 1717
520
521
522
523 2137
524
525
526 964 1228
527
528
529 388 532
530 1075
531
532
533 2453 871
534 1131 1961
535
536 438 904
537 1126 1587
538
539
540
541 1233 2051
542 1965 1856
543 717
544 1402 468 1207 743
545 423
546 2048
547 1992
548 975
549
550
551
552 2221 1812
553 144 1974
554
555 1353
556
557 1799 1044
558 981
559
560 1047 2230
561 1935 594
562
563
564 1152 644
565 310 1466
566 543
567
568 406
569
570 2130 1798
571 797
572
573
574
575
576
577
578 2170 550
579
580 1145
581
582 927
583
584
585 785
586
587
588
589 760
590
591 278 1415
592 2111
593 235 1465
594
595 1750
596
597 1265 1567
598 1167
599
600
601
602 538
603 265 179
604 2118 2142
605 1440
606 992
607 1352
608 764 1509 312
609
610 55 143
611 2124
612
613 296 578
614 1990 1516
615
616 45
617
618 1398
619
620
621 661
622 1640
623 151 2481
624 519 2177
625 1188
626
627 974
628 1661 461
629
630
631
632 699 779
633 302
634
635 1337 965
636 684
637
638 1993
639
640 1374
641 1416
642 1177
643 38
644 969 2028
645 937
646 2371
647 868
648 1558 591
649 2019
650 1459
651 1507
652
653
654 2342
655
656
657
658 331
659
660
661
662 76 880 985
663
664 219
665 679
666 1734 1168
667
668
669 1393 2050
670
671 1003
672 1492 530
673
674
675 1565 1304
676 2467 1060
677
678 793
679 1496 2255
680 1072 405
681
682
683 1490
684
685 1568
686 1934
687
688 1553
689 2121
690
691 368
692
693 33
694 789
695 1763 1894
696 945 2442
697
698
699
700 1822 2433
701 487 2268
702
703 1704 1206
704
705
706 233
707
708
709 288 548 1614 1988 2232
710 175 1410 1106
711 780
712 828 1418
713 2499
714
715
716 1971
717 74
718 720 441
719 602
720 1907 2349
721 2086
722 807
723
724
725
726 2361 2152 2270
727 2148
728 873
729
730
731
732 455 504 1447
733
734 91 362
735 2023 2313
736 1023
737
738
739
740
741
742 1384
743
744
745 1116
746 1936
747 551 2171 2351
748 3
749 1575
750
751 744
752 561 1281
753 199
754 2011
755 1113
756 1729
757 2167
758 1052
759
760 88 621
761
762 1888
763
764 754 2026
765
766 14
767
768 127
769
770 535
771 574 596
772
773 2004 2256
774
775
776
777
778 1451
779 1100 2174
780 767
781 9
782 1276
783 486 1105 2272
784
785
786
787 1508
788
789 1835 1563
790
791
792
793 1084
794 1670
795
796
797 866 959
798
799 1922 1176
800 415 1626
801
802 37
803 1972
804 575
805 20
806
807
808 2364
809
810
811 425
812 1589
813
814 2164 1963
815
816
817 66
818
819 2149
820
821 2277 670
822 2292
823 1341 93 1391
824
825 2184 2162
826
827 1944
828 1819 577
829 450
830
831 838
832
833
834 653
835 668
836 2436 2006
837
838 1653 2315
839 999 2163
840
841 168 1855
842 1081
843 2212 1197
844
845 217
846
847 759
848 1550
849 61
850 2085
851 201
852 2438
853 560
854
855 714
856
857
858 1420 1769
859 2217
860 1455 905
861 2165
862 1133
863
864
865
866
867
868 819 380
869
870 1663 623 1338
871
872 991
873 906
874
875 268
876 94
877 938
878 1486 110
879
880 1085 1419
881 1691
882 181 1032
883 2259 1524
884 822 1166
885 2406 2036
886 358 1918
887
888
889 1817
890
891 1434 428 1539
892
893
894 50
895 297
896 616
897 2389
898 1675
899 92
900 2251
901
902 2261 2010
903
904 707
905
906 554
907 418
908 982
909 1806
910
911 1801
912 844
913 1199
914 716
915 2262 236 2360
916 966
917 1916
918 932
919 1077 1140 2492
920 307
921
922 501 2403 1357
923
924 1694 1172
925
926
927 2273
928 1273
929 1732
930 851
931 946
932
933 1150
934 257
935 1156
936 1807
937 239 921
938 631
939 374
940 509 1475 1893
941 1853
942
943 640
944 2231 2487
945 2158 2454
946 1432
947 118 988 2306
948 2186
949
950
951
952 210 2415
953
954
955
956 255 918
957 1803
958 976
959
960 1569
961 724
962 1786
963
964
965
966
967 1050
968 2413
969 2344
970 1240 1875
971 2264
972 736 1216
973 879
974 1776 340
975 1473 442
976 648
977 259 1180
978 650
979
980 972 1193
981 1895
982
983
984 2488 2314
985
986
987
988 1264 1446
989
990 886
991 432
992 1122
993
994
995 1940
996 329 800 1014
997 2035 1205
998
999 2452
1000 379 589 1748
1001 669 2423
1002 59
1003 232 294
1004 1913
1005 739
1006 1928
1007 2215
1008 176
1009
1010 734 771
1011 346
1012 990
1013 1189
1014
1015 1308
1016
1017 224 1413
1018
1019
1020 2102
1021
1022 187
1023 1336
1024 1651
1025
1026
1027
1028 2199
1029
1030 34 439
1031 198
1032 752
1033
1034
1035
1036 1774
1037
1038
1039 391
1040
1041
1042 1551 1713
1043
1044 2441
1045 889 1649
1046 325
1047
1048 1129 499 751 1436
1049
1050 1316 2475
1051 2110 1049
1052 2046
1053 300
1054 1417
1055 1312
1056 727
1057
1058 1165 430
1059 1942 1780 1254
1060
1061
1062
1063 1688 636
1064
1065 2087
1066 1104
1067 1941
1068
1069 695 1973
1070 656 814
1071 1226
1072 77
1073 2353
1074
1075
1076 936 318
1077 2188
1078 1361
1079
1080 252 2275
1081
1082
1083 2090
1084
1085 1263
1086
1087
1088 2493 770
1089 79 2486
1090 1313 2455
1091 22 1245 742
1092 497 1641 2119 2065
1093 157 186
1094 2336
1095 1074
1096 2229
1097 1579 1119
1098 1618
1099
1100
1101 80
1102 1994
1103 652 1737
1104 1208 929
1105
1106
1107 1015 1355
1108 319
1109 1700 2041
1110 2329
1111 482
1112
1113
1114 416 818
1115 1555
1116
1117 607
1118 264
1119
1120 149 1405
1121 1054
1122 1752
1123 2291 1041
1124 21
1125
1126 26
1127 427
1128 97
1129 250 2084 2194
1130 465
1131 1375
1132 540
1133 2367
1134
1135 1272 1062 2205
1136 164
1137 2376
1138 84 1520
1139
1140
1141 361 583
1142
1143 1034
1144
1145 1813 385 1286
1146 529
1147
1148 2009
1149
1150
1151 139 1454 2113
1152 2064
1153 2299
1154
1155 1055
1156
1157
1158 2252
1159
1160 101 1521
1161 2348
1162 251 825 440
1163 1743
1164 46 162
1165 608 1586
1166 474
1167 1082
1168
1169 1280 909
1170
1171 691
1172 1462 1638 1726
1173
1174
1175 1543
1176 457
1177 2280
1178 1619 1530
1179 2024
1180 2080
1181
1182
1183 2126
1184
1185 328 505 1606
1186
1187
1188 643
1189
1190
1191 1996 998 1762
1192 2439 2316
1193
1194
1195 1435 2000 1500
1196 703 1693
1197
1198 1118 1932 820
1199 2136
1200
1201
1202
1203
1204
1205 1162
1206 1831 2138
1207 562
1208 1326
1209 1580
1210 1858
1211 1261 581
1212 544
1213
1214 637 888
1215 633 1428
1216
1217 2187
1218 248 719 2228
1219
1220
1221 549
1222 290
1223
1224
1225 262 1708
1226 729
1227 949 2377
1228
1229 1560
1230 1616
1231 303
1232
1233
1234 1282 2369
1235
1236 2345
1237
1238
1239 2482
1240
1241 1112
1242 2431 2247
1243
1244 986
1245 234
1246
1247
1248 1020
1249 1210 1828 305
1250
1251 1850
1252 1406
1253 2437
1254
1255 572
1256 1124
1257 1755 171
1258 600
1259 371
1260 1042
1261 194 289
1262 86 2112
1263 1201
1264 586
1265 1650 885
1266
1267 1111
1268
1269
1270
1271 1600 1982
1272 1478 517
1273
1274
1275
1276 2066
1277
1278 849
1279 1319 492 1307
1280 944 1083 1863 1873
1281
1282
1283 646
1284 267 1938
1285
1286 573
1287 934
1288 1736
1289 221
1290 311 1926 2176
1291 1911
1292
1293
1294 2496
1295
1296 533 1242 1225
1297 2387
1298 515
1299
1300 790 1351
1301 1389
1302
1303 1808 2053
1304 1489
1305
1306
1307 758
1308
1309 1789
1310 2076
1311 1347
1312
1313 249 1564 835 1709
1314
1315 270 2385
1316 1867
1317
1318 1222 1879
1319 256
1320 1627 1783
1321 107 2226
1322 414 853
1323 845
1324 2007
1325 774
1326 2107
1327
1328
1329
1330 817
1331 115
1332 701
1333 2135 1136
1334 567
1335 1267 480 1095
1336
1337 95 174 1525
1338
1339
1340
1341 1989 67 1797
1342
1343
1344 292 2179
1345 1394 214 956
1346
1347 121 1134
1348
1349 2357
1350
1351
1352 2490 2287
1353 698 711 1730
1354 1141 56 58
1355
1356
1357
1358 1975
1359 75 841 514 1823 2446
1360
1361
1362 1741 1327 2429
1363
1364
1365 839 1334
1366
1367 2003
1368
1369 2293 2339
1370 220
1371 2099 2309
1372
1373 587 2489
1374
1375 1609
1376
1377 1212
1378
1379
1380 897 1220
1381 1862 683 1120 2397
1382 1820
1383 1370 874
1384
1385
1386
1387 1948 1275
1388 1878 722
1389
1390 1765
1391
1392
1393
1394 2146 738 848
1395 54
1396 1324 2350
1397 313
1398 1731 2332
1399
1400 528
1401 728 856
1402 366
1403
1404 1771
1405
1406 1818 431
1407 1290
1408
1409
1410 352
1411 782
1412
1413
1414 1002
1415 113 496 824 1027
1416 688
1417 1740 1950
1418 1795
1419
1420 336
1421
1422
1423 2070 78 613
1424 645 1171 1021
1425
1426
1427 1 1160
1428
1429 604 642
1430
1431 1706 812 1173
1432
1433 124
1434 1331
1435 603
1436
1437
1438 907
1439
1440 1747
1441 806
1442
1443
1444 1541 2474 741
1445 1966
1446
1447
1448 271 1969
1449 1330
1450 435 57 369
1451 495
1452 2328
1453 1333
1454 1231 341 2154
1455 516 1712 2095
1456
1457 2093
1458 1678 2386
1459 99 1314 1779 1809
1460 1955
1461 2219
1462 912
1463
1464 1412
1465 2276 2485
1466
1467 2030 2143
1468 1960 1494 2236
1469 811
1470
1471 112
1472
1473 1198
1474 1009
1475 557
1476 786 1107
1477 895 521
1478 419 761 1037
1479 133 261 2451
1480 2213
1481 1891
1482 32
1483
1484
1485 542
1486 1230 82
1487 708 1904
1488 1132 2218
1489
1490 1956
1491
1492 1608
1493 960 2414
1494 222
1495 1287
1496 1718 2132
1497
1498 246
1499 1396
1500
1501 1138
1502 1991
1503
1504
1505 1796 1979
1506
1507 1917
1508
1509 204
1510
1511 1977 2278
1512 865
1513 2122
1514
1515 1889 903
1516 534
1517 276
1518 813
1519
1520
1521 1109
1522 1674
1523 2392 1881
1524 2257
1525 1671 2408
1526 458 2308
1527 1738
1528 1063
1529 1604
1530 1703 2448
1531 882
1532 148 1349
1533 434
1534 1153
1535 1631
1536 1517 1830 2012
1537
1538
1539
1540
1541 606 229
1542 2445 638 2145
1543
1544 2323 15
1545 1029
1546
1547 1562 1707
1548 1249 165 2131
1549 1505 1775 1390 2297
1550 1460
1551 1544 154 384 1270
1552 862
1553 860 1669
1554 773
1555 1045
1556 614 555 584
1557 1588 1155
1558 611 146 2208
1559 2042
1560 2483
1561 30
1562
1563 527
1564 169 1424
1565 2421 1253 1310
1566
1567
1568 732 803 1219
1569
1570 798
1571
1572
1573 65 1484
1574 940
1575
1576
1577 902 801
1578 503
1579 2352 1441 963 2325
1580
1581 2049
1582 376 2362
1583
1584 1053
1585
1586
1587 1710 422 569
1588 39 1022 2014
1589
1590
1591 1621
1592 206
1593 2480
1594
1595 781 411
1596 787
1597
1598 2033
1599 984
1600 861
1601 1387
1602 485
1603
1604 595 2180
1605
1606 2281 2018
1607 2301
1608 546
1609
1610 11 1871
1611
1612 1425
1613
1614
1615
1616 71 1147
1617
1618
1619 2058 2190 2463
1620 1582
1621 253 1514
1622 1778 2094
1623 1110
1624 436 731 2056
1625 316
1626
1627 599
1628 2327
1629
1630 1433
1631 2044 2472
1632 2031 1158
1633 1860 2074
1634
1635 1371 2172
1636 1760 792 950
1637
1638 925
1639 1785
1640 1735
1641 730 1504 1924
1642 347 1617
1643
1644
1645
1646 114 1692
1647
1648 2185
1649
1650 6 1128 2405 1483
1651 1169 142
1652 1576
1653 330
1654 342 1461 2220
1655
1656
1657 2067
1658 1843
1659 901
1660
1661 1816
1662 354
1663 51 1598
1664
1665 73
1666
1667 1756 2209
1668
1669
1670
1671
1672 156
1673 1952 1702
1674 805
1675
1676 1613
1677 1024
1678 1411 1232
1679 1721
1680
1681 1668
1682 1079
1683
1684 1175 2242
1685 2078
1686 1001 690
1687 31 460 737
1688 2450 2290
1689 2375
1690
1691 673
1692
1693 2025
1694 277
1695
1696 1485 1906
1697 2183
1698 1829 1923
1699
1700 196 382
1701
1702 1800
1703 1059
1704 308
1705 1759
1706 1667 2324
1707
1708 1864
1709
1710 1849 231 1920 2059
1711 2365 2001
1712 983
1713 615
1714 1682
1715 740
1716 2300
1717
1718 967
1719 1578 1016
1720
1721 1255 749
1722 1531 1546
1723 387
1724
1725 1790
1726 1033 1339 2434
1727 926 1751
1728 108
1729
1730 816
1731 1013
1732
1733 443 1403 1781
1734 23 1097 1503
1735 429 1628
1736 1595
1737
1738 1533 1722 689 1559
1739 466
1740 2021 2088
1741 64 1727
1742
1743
1744 25
1745 2117
1746
1747 1552
1748
1749 910
1750 377
1751
1752 566 1733
1753 338 1847 2200
1754
1755 348 393
1756 627 177
1757 585
1758
1759 1959
1760 140
1761
1762 1827
1763 1897
1764
1765
1766 1602
1767 241 345
1768 475 357 2068
1769 1571
1770 2346 2013 523
1771 1271
1772
1773 245
1774 1976
1775 558
1776 1354 1652
1777 1429
1778 1243
1779
1780 1125 1681
1781
1782
1783 2151
1784 4
1785
1786 383
1787 2038 1161
1788
1789 1178 2322
1790
1791 52 941
1792
1793
1794 1655
1795 1757
1796 1453 191 1070
1797 570
1798
1799 1805 1892
1800 1629
1801
1802
1803
1804 794
1805 915 2156
1806 293 2319 1921
1807 802 939
1808 2029 2334 137
1809
1810
1811
1812 1983
1813 44 226
1814 2476
1815 718
1816 451
1817 1834 576
1818 2109 60
1819 178 1659 2304
1820
1821 490
1822 1547 2224
1823 995
1824
1825 1672 326 1342
1826 748 1135 1912
1827
1828 2114 116 1297 1004
1829 1657 2260
1830 1870
1831
1832
1833 111 1241
1834 1501 1008
1835 2368 1802
1836
1837 1593
1838
1839 2134
1840 1592
1841 1365
1842 396 2125
1843 2440 1305
1844
1845
1846 1443
1847 1866
1848 2459 392 641
1849 1999
1850 131 1676
1851
1852 954
1853 1058
1854
1855 473 1266
1856 1213 1824 2253 2470
1857
1858 2340 1093 857
1859 610
1860 1388
1861 1091
1862 896 898
1863 1283
1864 2005 2479
1865
1866 386 733 1714
1867 1930 36 218
1868
1869 1010 649
1870 858
1871
1872
1873
1874
1875
1876 2318
1877
1878 479
1879
1880 808 1080
1881
1882
1883
1884 693 1695
1885 1258
1886 2379 593 2127
1887 500 1772
1888 1127 639 957
1889 2395 837
1890
1891 2235 1368
1892
1893
1894
1895
1896 1311
1897 1468
1898 1195
1899 350 407
1900 1968
1901
1902
1903
1904
1905 993 1457
1906
1907 128 1227 1209
1908
1909 2390
1910
1911 2105 1680
1912 1019 1317
1913
1914 375 943
1915 463 931
1916
1917 1381 1882
1918 847
1919 1570 1506
1920
1921
1922 2129
1923 709
1924
1925 1645
1926 172 2128 659
1927 1931
1928 291
1929 520
1930 1046 152
1931
1932 1723
1933 1837 47
1934
1935 212
1936
1937
1938 854 1143
1939 2160
1940 2435
1941 826
1942 2168 2396
1943 1958 1945
1944
1945
1946 1522 1301 1456
1947 1698 725
1948 188 1590
1949 40
1950 105
1951
1952 1840
1953 344
1954 150
1955 2155
1956 891
1957 2 1066
1958 1026
1959 399
1960 1191 283
1961 1865
1962
1963 1378 2032
1964
1965 1151 238
1966 1845
1967
1968
1969
1970 2075 2447
1971 1768
1972
1973 747
1974 1426
1975
1976 723
1977 2307
1978 147
1979 746 1854
1980
1981 2139
1982
1983
1984 284 788
1985
1986
1987
1988
1989 1548 545 1767
1990 180 244
1991 18
1992 970
1993 1256 2269 863
1994 1746
1995
1996 2263 1444
1997
1998 1458
1999 662
2000 1715
2001 2457
2002
2003 630
2004 524
2005
2006 2034
2007 247
2008 69 1719
2009 2358
2010 1909 2444
2011 2057 1851
2012 1656
2013 120
2014 2047
2015 522
2016 1839 1725
2017 1954
2018
2019
2020 1404 1422
2021 286 624 2363
2022 827
2023 1804
2024 363
2025 1343
2026 1096 775 2366
2027 1115
2028
2029 370 484
2030 1303 2141
2031 1696
2032
2033
2034 651
2035 2399 2494
2036
2037 1291 216
2038 2416 1585
2039
2040
2041
2042
2043
2044 395
2045 628 225 1248
2046
2047
2048 43
2049 1215
2050 1472
2051 1985
2052
2053
2054 1639
2055 2103
2056
2057 1359 1399
2058 2296 456
2059
2060 1121
2061
2062 62
2063
2064 952
2065 815
2066
2067 494
2068
2069
2070 2060 2225 1144
2071
2072 2320
2073 1705
2074
2075 2373 935
2076 2240 2335
2077
2078 81
2079 1535 721
2080 979
2081 2303
2082
2083 481
2084
2085
2086
2087 676
2088 173 1088
2089 1744
2090 103 163 2039
2091 1051 1204
2092 1487
2093
2094 1366 2069
2095
2096
2097
2098 161
2099
2100
2101 911 1962
2102
2103
2104 1502 1811
2105 470 834 702
2106 756
2107 2424
2108
2109 870 378 2071
2110 203
2111 1683
2112
2113
2114 359
2115 159
2116
2117 243
2118 448 1363
2119 795
2120 1825 2015 2244
2121 1581 1684
2122 1259 681 1224
2123 1995
2124 635
2125
2126 87
2127 579
2128 184
2129 314
2130 90 170
2131 833
2132
2133 1101 2027 275
2134 2298
2135 421
2136
2137
2138
2139 2120 2054
2140
2141 930 893
2142
2143 1442
2144 564 404
2145
2146 958 961
2147 1482 1761
2148
2149 447 1114
2150
2151
2152
2153 424 1584 1624 1929
2154
2155
2156 1439
2157 13 1603 2460 2233
2158 19 237
2159
2160 390 1025
2161 2473 1328
2162
2163
2164 657 2022
2165 2237 1200
2166 1848 1476 1299 1792
2167 437 1236
2168 2282 1583
2169 426 1223
2170 467 511 1329
2171
2172
2173
2174
2175 1499 1838
2176
2177
2178
2179
2180 2312
2181
2182 1408
2183 1615
2184 266 846
2185 2211
2186
2187
2188 1642
2189 2310 1887
2190 629 1491
2191
2192 1069 1360
2193
2194
2195
2196 664
2197
2198 2284
2199 1218
2200
2201
2202 2166
2203
2204 459 189 1139
2205
2206 2108
2207 2477
2208
2209
2210
2211 2355 951
2212 317
2213 2286
2214 2443 620
2215 63 565 2017
2216 2254
2217 1480 1782
2218
2219
2220
2221 1392
2222
2223 933 1566 1701
2224
2225 1686
2226
2227
2228
2229 2234
2230
2231 85 539
2232
2233
2234 680 1183 552 1038
2235 634
2236
2237 449 592
2238
2239
2240
2241 1884 254 1295 2498
2242
2243 471
2244 2216
2245 2402 1092 715
2246
2247 531
2248 2294
2249 892
2250 919 1061
2251
2252 2267
2253
2254
2255 682
2256
2257 104
2258 48 777
2259 884 2464
2260 1284
2261 279
2262 2432 536 1356
2263 1949
2264
2265 1030
2266 1685 2002
2267
2268 609
2269 1007 1262 1978
2270
2271
2272 1376
2273
2274 1753 1098
2275
2276 1325
2277 182
2278
2279
2280 2409 2420
2281 832
2282 125 1149 1181
2283 922
2284 1185
2285
2286
2287 1953
2288
2289 2061
2290
2291 145 1031
2292 1288 332 2079 1832
2293
2294 2382 1087
2295 2383
2296 597 29 1163
2297
2298 1557
2299
2300 100
2301 227 478
2302 1493
2303
2304
2305 899 2401 663
2306
2307 70 1605
2308 2285
2309
2310 2020
2311 2140
2312
2313
2314 240
2315 1899 1196
2316
2317
2318
2319 322 1071
2320
2321
2322
2323 324
2324
2325 1174
2326
2327
2328 160
2329 601
2330 1951
2331
2332 2343
2333
2334 1677
2335
2336 580
2337 1340
2338 445 337
2339
2340 883 1431
2341 2427
2342
2343
2344 1939
2345
2346 1000
2347
2348 582
2349 1495
2350
2351
2352 1528
2353
2354 2425
2355 765 1634
2356 2198
2357 1679
2358 106
2359
2360 971 2246
2361 1880
2362 705
2363
2364 1315 477
2365 1886 1770
2366
2367
2368 2495 1635
2369
2370 2100
2371 2295
2372
2373 2101
2374 102 2317
2375
2376 1826 1791 2081
2377 2197
2378
2379 726
2380 402
2381
2382 1914
2383
2384
2385 2037
2386 1382
2387 655
2388 2250
2389 281 1846
2390 1344
2391 190 1203
2392 1364
2393 1540
2394 1599
2395 622 1421
2396 394 830 1186
2397 2150
2398
2399 2104 1187
2400 1184
2401 1332
2402 1711 320
2403 763 2354
2404
2405 1728 1320 1057
2406 625
2407 2008
2408
2409 686 2249
2410 1005
2411 1094 397
2412
2413 2419 2203 2222 2288
2414
2415 2193
2416 2214 209 1885
2417
2418
2419 167 1527 417
2420
2421 1221
2422 1784 193 1986
2423
2424 2192 1298
2425
2426 2115 1300 1464
2427
2428 1900
2429
2430
2431 83 306
2432 2422 2274
2433
2434 1844
2435
2436 1467 1323 713
2437
2438 598
2439 1159
2440 1716
2441 508
2442
2443 2016 1836
2444
2445 1687
2446 2063
2447
2448 1067 955
2449
2450 590 973 948 1247
2451
2452 138
2453 537
2454 1011 1358
2455 916 1277
2456
2457
2458
2459 831
2460 1890
2461 1554 1043 1292
2462 619 1445
2463
2464 223 755 1903
2465 1633 989
2466
2467 134 166 588
2468 1896
2469 2045
2470
2471 1293
2472
2473 141
2474 977 1611
2475
2476
2477 667
2478 1142
2479
2480 373 2347
2481
2482
2483 364
2484 876
2485
2486
2487 355 632 776
2488 2089 2380 1984 1401
2489
2490 1673 1437 2123 2398
2491
2492
2493 1766 784 2159 2333
2494 274 335 2243 2083
2495 2189
2496
2497
2498
2499 1518
