#/n/fs/ragr-research/projects/fastppm-data/bin/simulate.py --mutations 500 --samples 3 --coverage 1000 --seed 10 --output sim
# GMT Sun Oct 13 15:00:32 2024
# 
0 279
1
2 112 416
3 492
4 163
5 204
6 145
7 308
8 149 154 428
9 146 394
10 340
11 411
12 254
13 420 101
14
15
16
17 399 152
18 137
19 24
20
21
22 111 161
23
24 30 85
25
26
27 383
28 488
29 216
30
31
32 491
33 390
34
35 179
36 260
37 358 51
38 106 160 330 433
39 333 222
40 37 465
41 141 167 86
42 23 140 462
43 368 341
44 9 346
45
46 366 495
47
48 287 235
49 453
50
51
52 419 343
53
54 413
55
56 263
57 253
58 463 316
59 439
60
61
62
63 471 380
64
65 83 207
66 18 218
67 376
68 14
69 172
70
71
72 21 47
73 389
74 351
75 35
76 497
77
78 425
79 199
80 345
81
82
83
84
85 484
86
87 93
88 38 97 447
89
90 459
91 362
92 73 472
93 315
94 46 81 291
95
96
97
98 250 409
99 66 63
100 259
101
102
103
104 248 285
105 393 475
106 356
107
108
109 427
110
111 271
112 286
113 43 430
114
115 423
116
117
118 464
119 499 397
120 282
121 373
122 50
123 8
124
125 365
126 182
127
128
129
130 25
131 195 270
132 165
133
134 45 474
135
136
137
138 322
139 401
140 456
141 40 332
142 434
143 98 60
144 239
145 406
146
147
148 5
149 54
150 209
151 15 92 431
152 294
153 76 319
154
155 17 190 278
156
157
158
159
160
161
162 48 381
163 186
164 438
165 33 245
166
167 443 249
168 240
169
170 215 370
171
172 478 144 55
173
174 450
175 2 301 361
176
177 82
178 136
179 110
180
181 350 486
182
183 77
184 454 221
185 214 313
186
187 452
188 310 151
189 49 42
190
191
192 460 247
193 290 449 466
194 400 107
195 292 79 395 379
196 44
197 109 288
198
199
200
201
202 192
203
204 489 181
205
206 277 372
207 265
208 391
209 208 53
210
211 31 233
212
213
214 193
215
216 143
217 306
218 467
219 19 90
220
221 171
222 302 384
223 305 57 59
224
225 188 326
226 118
227
228
229 68 187 417 342
230 334
231 241
232
233
234
235
236 78
237 496
238 374 360 385
239 364
240 58 64
241 448
242 437 158
243 441
244 173
245 234
246 3 148 134
247 183 203
248
249
250 275 261
251
252 404
253 386 94 125
254
255 26
256
257
258
259
260 175 142
261
262 267
263
264 89 104 378
265
266
267 117
268
269
270 95 289
271 493
272
273
274 468 461 477
275 280 201
276
277
278
279 123 71 494
280 487 61
281
282
283
284 52 490
285
286
287 135
288 166 317
289 311
290 300
291
292 382 62
293 348
294 324 262
295 243 56
296 70 410 445
297 470
298
299 10
300 339
301 225 180 436
302
303 115
304 252 432
305 197
306
307 11 80
308 375 87 337 426
309 244
310 414 476
311 124
312
313
314 429
315 177
316
317
318
319 108
320
321
322
323 133
324 103
325 473
326
327 12
328 388
329 458
330
331
332 74 198 446
333 226 338 318
334
335 6 418 483
336
337 268
338 312
339
340
341 451 28
342
343 347 272
344
345 264
346 424
347 164
348 421
349
350
351 320
352
353 132 444
354
355
356 20 355
357
358 131
359 113
360 157
361
362 174
363
364 162
365 481 205
366
367
368 295 274
369
370
371 296 129
372
373 396
374 189
375 237 357
376 39
377 298
378
379 336
380 257
381
382 335
383 127 398
384 387
385 213
386 353
387 407
388 116
389 27
390 114
391 72 156
392 194
393
394
395 408
396 36
397
398
399 184 422
400 329 363
401 328 498 230
402
403 229 354
404 121
405
406
407
408 269
409
410 283
411 251 266
412
413 238 246 91 16 344
414 480
415 99
416
417 314
418 139 352
419 359 325 369
420 442 96 119
421 211
422
423 299 32 367
424 122
425 150
426 402
427 236
428
429 256
430 227
431
432
433
434 4 155 323 297
435 284 147 349
436
437 34
438 67 231
439
440 255 331
441 69 41
442 415
443 293 120
444 258
445
446
447
448
449 405
450 29
451 219 100 210
452
453 435 200
454 303 228
455 327
456
457 242 212
458 105
459 206
460 168 102 276
461 170
462
463 75 482
464 88 65 128 485
465 178
466
467
468 13
469
470 273
471 223 153 159
472 202
473 371
474 321
475
476
477
478 1
479
480 196
481 169
482 232
483
484
485
486
487 7
488
489 455 176 220
490 479
491 22 403 281
492 304 457 84
493 307
494 191 469
495
496 440 392 217 377
497 130 138
498 185 412
499 126 309 224
