#/Users/schmidt73/Desktop/fastppm-data/bin/simulate.py --mutations 1000 --samples 3 --coverage 1000 --seed 7 --output sim
# GMT Fri Sep 13 14:26:54 2024
# 
0 255
1
2 67 373
3 683
4
5 724 409
6 279
7
8 185 960
9
10
11 44
12 931 201
13 244 640
14
15
16 972 778
17 674
18 558 685
19 397
20
21 89
22 395 792
23 175 564
24 322
25 872
26
27
28
29
30
31 232
32
33 682
34
35 143 824
36
37 382
38 437 663
39 159
40 933
41
42 733
43 260
44 603
45 794
46 616
47 179
48
49 533 396
50 500
51
52
53 162
54
55
56
57 869 886
58
59 762
60 331
61 200
62 79
63 236 531
64 578
65 829
66 660 455
67
68 152 951
69 798 72 689
70
71
72
73 386
74
75 347 771 246 622
76
77
78
79 275
80 534
81
82
83 207 658 338
84 927
85 950
86 346 431 701
87 987
88 13 916 876
89
90 28 596
91
92 42 508 193 593
93
94
95 284
96 985
97
98 357
99
100
101 190
102 227 889
103 106 52
104 354 91
105 725 741
106 197 877
107
108 414
109
110 380
111
112
113 783 324
114 698 738
115 723
116
117 495
118
119
120 258
121 577 835
122 891 638
123
124 4 966
125 387
126 326 620 804
127 486
128 775
129
130
131
132
133 627
134 22
135
136 727
137
138 959 68
139 38
140 790
141 831
142 288 970
143
144
145 496 740
146 720
147
148 241 976
149 906
150
151
152
153 649
154
155
156 32 721
157 615
158
159 554
160 512 405
161 704 527
162
163
164
165 141
166 489
167
168 167
169
170
171 939 462
172
173
174
175 303
176 5 520
177 561
178
179 705 879
180
181 105
182 675
183
184
185 915
186 646 935
187 451
188
189 26 27
190 43 340
191 81
192
193
194 12 506 144
195 53
196 715 839 341
197 428 497 716
198
199
200 681 191 595
201 452 881
202 631
203 243
204 214
205 209
206
207 84 751
208 647
209 645 861
210
211
212
213 522
214
215 868
216 160
217
218 33 273
219 499 571
220
221 644
222 95
223 119
224 774 446
225
226
227
228 334 178
229
230 116 170 525
231 256 411 581
232
233 797 826 671
234
235 29 51
236
237 46 80
238 416 560
239 312
240 299
241 280
242 971
243
244 474
245 436
246 351
247 150
248 195 154 206
249 878
250
251
252
253
254
255 936 131 192
256
257 47 562
258 132 918
259 503 930
260
261 398 772
262 632
263 708
264 109 296
265 155
266 196
267 439 427
268 145
269 177 910 472 728
270
271 113
272 576
273
274
275 833
276 20
277 63
278 589 332
279
280 493 490
281 309
282
283 947
284 568 799
285
286 449
287 432
288 779
289
290 269 468
291 302 356
292 712 440
293 134 977
294 60
295 282 464
296 205
297 830 318
298 66 887 565
299
300 224
301 926
302 475
303
304
305 308 764
306 693
307 567
308 37
309 181
310
311
312 526 787 996
313 692
314
315 699
316 115
317 922
318
319 556 117
320
321 664 379 415
322 96
323 316 677
324
325 266 870
326 363 337 242
327 251
328
329 857
330 639
331 120 413
332 361
333 123 408
334 988
335 481 626 812
336
337 517 943
338
339 952
340 864
341 919
342 317
343 848 539 262
344
345 770 913 980
346 942
347 735
348 594
349 103
350 314
351
352 252
353 441
354 893 873
355 348
356 834 621
357 840 537
358 902
359 420 670
360 311
361
362 194 122 986 983
363 911 745 86
364 265
365 412
366 74
367 514
368 492
369 687
370 746
371 221
372
373 271 418 903
374 239 934
375
376
377 333
378
379 697 216
380 529
381 605
382 570
383
384 136 165 286 306
385 376 635 954
386 219 703
387 602
388 2
389 749
390
391 686 315
392
393 34
394 229
395 301
396
397 133
398 914
399
400
401 648
402 76
403 189
404
405 454
406 121
407 349
408
409
410 171 220 404
411
412 467
413
414
415 82
416 213
417 180
418 166
419
420
421
422 368 294 424
423
424
425
426 765 695
427
428 40
429 852
430
431
432 580 820
433
434 272
435
436
437 781
438
439 94 339
440 148
441 36 58
442
443 555 888
444 25 516 546
445
446 617
447 732
448
449 406 173
450
451 688
452 157 429 234
453
454 487
455
456 536
457 513
458 274
459
460 176 652 842
461
462 268
463 726 673 90 110 199 367 769
464 895
465
466
467 6 77 465
468
469 375 753 538 860
470
471
472
473
474
475
476
477
478 498 484 938
479 277 630 789
480
481 264
482
483
484 909
485 982
486
487 204
488 780 862 470
489
490 313
491
492 156 582
493 365
494
495 19 69 524
496 585 859
497 125 203
498 586
499 17 245 435 766
500 92
501 510 828
502 374
503 813
504 50
505
506 353 598
507
508 218 865 899
509 263 643
510
511 549
512 759
513 128
514
515 172
516
517 31 518
518 434
519 430
520 587
521 559 756
522 336
523 460
524 808
525
526 210 550
527
528 442
529
530 655 944 855
531
532 378
533 124 807
534 717
535 923
536 488 606
537 161 827
538
539 147
540
541
542 88 267
543 963
544
545
546 609
547 410
548
549 818
550
551
552
553
554 146 592 572 476
555 358
556 261
557 425
558 669
559 995 118
560
561
562
563 729
564
565
566
567 259
568 426
569
570
571
572 448
573
574 566 973
575 662 846 925
576 946
577 844
578
579 342 761
580 140
581
582
583
584
585 494
586 198
587
588
589 217
590
591 325
592 289
593 608
594 924
595
596 225 423
597 890
598 979
599
600
601
602 447
603 618
604
605 714
606 532
607
608
609
610 992
611
612
613
614 523
615
616 656
617 575
618
619 343 377 929
620 104
621
622 784
623 542 371
624 71
625 1 612
626 590 907
627
628 591 854 997
629 815
630
631 661 901
632
633 355
634 796 544 600
635 482 816
636
637 402
638
639 750
640
641 142 445
642
643
644 739
645 700
646 838 853 64
647
648
649 417
650 443 825
651 541 742
652 101
653
654 477
655 149
656 736
657 73 99 135
658 321 958
659 233
660 795 866
661 874 168 709
662 10 215
663
664 809 867
665 965
666 786
667
668 810
669
670
671
672 597 297 691
673 659
674 758 502 613
675
676 456 479 730
677
678
679 680
680 851
681 509
682 993
683
684
685
686 989 530
687 250 519
688 637 811
689
690 802
691
692
693 291 360 822 588
694
695 920
696 747 540
697 15 24 722
698
699 56 130
700
701
702 59
703 515 574
704 183
705
706
707 75 247
708 9
709
710 975
711
712 83
713 276 457 390
714
715 57 967 391 45
716 883
717 78 948
718 547
719 344
720 990
721 668 734
722
723
724 323
725 65 773
726 11
727 98 823
728
729 584
730 112
731 188
732 964
733 672 328
734 151 711 856
735 937 894 690 949
736 504
737 453
738
739 984
740 754
741 744 850
742
743 528
744
745 463 821 403 54 480 801
746
747 30
748 137
749 884
750 385
751 994
752 129 461 932
753 421
754 501
755 281
756
757 85
758 782
759 875
760 438
761 974
762 962
763
764 491
765 419 636
766 706
767 335
768
769 459
770
771 62
772 14 998
773
774 897 16 569
775 748
776 483
777 845
778 719
779
780 257
781 364 478 805
782 169 599
783 208
784
785 401
786 684
787 552
788
789
790 21 653
791 61
792
793
794
795 366 127
796 665 841
797 444 35 601
798 48 102
799 548 969
800 235 505
801
802
803 298
804
805 372
806 329
807 93
808
809 791 320
810 849
811
812
813
814
815 760
816
817 800 87
818 362 611
819 293
820 389
821 287 295
822 399
823 186 858 473
824 466
825 777
826 904 905
827 392
828
829
830 696 961
831 767 553
832 359
833 114 928
834 370 843
835
836
837 7 806 666
838 945 641 731
839 182 953
840 863 174
841 369
842 108
843
844
845 793
846
847 327
848 837
849 752
850 836
851 422 70 471 678
852 212 573
853 39 55
854 896
855
856 882
857
858 222 100
859
860
861 694
862 107 898
863 3
864 633
865 757
866
867 254
868
869 202 912
870 634
871 610
872
873 785
874 300
875 223
876
877 788
878 880
879
880 654
881 184
882
883
884
885 394 543
886 921
887 97 310
888
889
890 8 226
891 18
892 900
893 657
894 832
895 957
896 230 469
897 625 237 557 776 545
898
899
900 292 163 249 352 604
901
902 619
903
904 231 304
905 450
906
907
908 768
909
910 400
911 999
912 507
913
914 511
915 126
916 629 743 485
917 702
918
919 307
920
921 623
922
923 407 737
924 803
925
926 23 607 941
927 319
928 285
929 847
930
931 628
932
933 763
934
935 164
936 892
937 718 278
938
939 49 228
940 956
941
942 253 345 583
943 41
944 383
945 817 885 579 563
946 153
947 521
948
949
950 393
951 238
952
953
954
955
956 111
957
958
959 650 248 978
960 240
961
962 388 433
963
964
965 138 139 187 350 991
966
967 917 940
968
969
970
971
972 707 211 458
973
974
975 330 651 814
976
977 158 710
978
979 551
980
981
982
983
984 871 679
985
986 713
987
988 305 955 968
989 614 270
990 535 676 624 667 908
991 381
992 819 290
993 755
994 981
995 384
996 642
997
998
999 283
