#/Users/schmidt73/Desktop/fastppm-data/bin/simulate.py --mutations 100 --samples 3 --coverage 30 --seed 17 --output sim
# GMT Fri Sep 13 14:24:19 2024
# 
0 61 25
1 90 51 32
2 49
3 82
4
5
6
7 94
8 60 23 35
9
10
11 53
12
13 81
14
15 63 87 88
16 18 31
17
18 2
19
20 39
21
22
23 13
24 6 37
25 14 22 42
26 1 98
27
28
29
30 15 28
31 7
32
33
34 86 9 84
35
36 20 29
37
38 30
39 80
40
41 93 77
42
43 97
44 27 41 96
45 4 19 47
46 16 78
47
48 71
49 55
50
51 44 91 95
52
53 65 59
54 62 56 74
55 12
56 33
57 3 46 5
58 79
59
60 26
61 57 73
62 10 50
63
64
65 66 38 68
66 24 83
67
68
69 89
70 58
71 54 64
72
73 70
74
75
76
77
78 72
79 21
80 92 85
81 76
82 99
83
84 48 17
85
86 36 43
87 69
88
89
90 11 40 52
91
92 45 75
93 67
94
95
96
97
98
99 8 34
