#/n/fs/ragr-research/projects/fastppm-data/bin/simulate.py --mutations 100 --samples 3 --coverage 100 --seed 8 --output sim
# GMT Sun Oct 13 15:00:03 2024
# 
0 43
1 46 67
2
3
4 42
5 58 88
6
7
8 9
9 48 83
10
11
12 2 40
13 37
14 72
15
16 79 3
17
18 30 69
19
20
21 1
22 44
23
24
25
26 16 73 5 6
27
28
29 4
30
31 90 82 86
32 35
33 89 24
34
35 57
36 18
37
38 65
39
40 7 70
41 19
42 11
43 32
44 97
45 71 51 84
46
47 29 17 25 85
48 66 75
49 26 10
50 38
51 62 28
52 13
53 61
54 80
55 41
56 95
57 63 33 96
58 98
59 27
60 77 93
61
62 87 92
63 31 36
64
65
66
67
68 52
69
70 60
71 81 14 20
72
73 45 34
74 21 22 54
75
76 53 64
77 15
78
79 74 12 59
80
81 47 68 56
82
83
84
85
86
87 55 99
88
89 8 39
90 49 23
91
92
93 78 91
94 76
95
96
97 94
98
99 50
