#/Users/schmidt73/Desktop/fastppm-data/bin/simulate.py --mutations 100 --samples 3 --coverage 1000 --seed 9 --output sim
# GMT Fri Sep 13 14:24:27 2024
# 
0 6 17
1 35 99
2 91
3 69
4
5 39
6 49 19
7 14 72
8 92
9
10
11
12 40 82
13 12
14
15
16 26
17 20
18 31
19 79
20
21 80 95
22
23 13
24
25
26 58
27 74
28 87
29
30 5 94
31 75 63
32 4 89
33 50
34
35
36
37 10
38 23 36
39
40 67
41
42
43
44 2
45
46
47 65
48 11
49 44 84
50
51 47 97
52
53
54 71 24
55
56 51
57 45 56
58 59
59 18 29 90
60 28 37 43
61
62 38 25 46
63 33
64
65 53
66 76
67 52
68
69 61
70 77 32
71 9
72 21 34 73 85
73
74 30
75 93 55 96
76 16
77 60 98
78 27 62 22 64
79 48 42 57
80 66
81
82
83 3 86
84 81
85
86
87 1
88 8
89 68
90 41
91 70 88
92 54
93 15
94
95
96
97
98 83 78 7
99
