#/n/fs/ragr-research/projects/fastppm-data/bin/simulate.py --mutations 100 --samples 3 --coverage 30 --seed 16 --output sim
# GMT Sun Oct 13 15:00:03 2024
# 
0 65
1
2 89
3
4
5 36 59 93
6 38
7 57 11 22
8 95 18
9
10
11
12 42
13
14 80 67 12
15
16 10
17
18
19 20
20 8
21
22 92 30
23
24
25
26
27 47
28
29 68
30 74 44
31 35 81
32 41 56 82
33
34 75 99 39
35 4 63
36 61
37
38 94
39 49
40
41
42 87
43
44 40 84
45
46 19
47 45 52
48
49
50 9 79
51 72 64
52
53
54 17 26
55
56
57 1 54
58
59 24
60 58
61 96 46
62 70 71 48 69 83
63
64
65 62 34
66 73 3 43
67 31 28
68 21
69 53
70 5 86
71 23
72 98
73 7
74 37
75 16
76 51
77 50
78
79 33
80 66 76
81 25
82 60
83 91
84
85 97 27
86
87 13
88
89
90 85
91
92 15
93 78
94 2 88
95 77
96 90
97 14
98 6 32 55
99 29
