#/Users/schmidt73/Desktop/fastppm-data/bin/simulate.py --mutations 500 --samples 3 --coverage 1000 --seed 5 --output sim
# GMT Fri Sep 13 14:25:03 2024
# 
0 354 201 88
1 28
2 348
3 143 295 379
4
5 337
6 122
7 118 149
8 38
9 435 79
10 416 480
11
12 220
13
14
15
16
17 134
18 324
19 280
20 18 385
21 32
22 204
23 130 401
24
25 22 19 247
26 142
27
28 224 144
29 181
30 52 145
31 66 471
32 125
33 80 221 233
34 258
35 474 135 219
36 203
37 442
38 212
39
40
41 161
42 466
43
44 194 390
45 298
46 162
47
48
49
50 56
51 363 405
52 59 323
53 320
54 14
55
56 73
57
58 425
59
60
61
62 273
63 441
64
65 440
66 459
67
68
69 413 111
70
71
72 449
73
74 157 315
75 20 344
76 230
77 8 409
78 411 68 136
79
80
81 430
82 312
83
84 497
85 288
86 484
87
88 51
89
90 138
91 262 294
92
93 494
94 328 259 472
95 89
96 35 335
97 5 41 47
98 15 131 492
99 381
100 461
101 217 107
102 292
103
104
105 255
106 214
107 75 309
108 55
109 21 338
110 231 417
111
112
113 151 311
114
115 412 65
116 352
117 325 399
118 4 249
119 277 268
120 444 453
121 419 293 462
122
123 307
124 39
125 40 366 84 116
126 178
127 216 229
128 264
129
130 222 341 102 327
131
132 152
133
134
135
136
137 45
138
139 432 64
140 286 347
141
142 257
143
144 228
145
146 477 488
147
148 334
149 493
150
151 174
152 302 491
153
154
155 225
156
157 403 266
158 479 103
159
160 3 391
161
162 48 284
163 101 460
164
165 189
166 95
167 394
168
169 16 445
170 353 351
171 98
172 121
173
174 234
175 23
176 282
177 433 486
178
179
180
181 63
182
183 422 175 50 155
184 94
185
186 473
187 317 62 71 133
188 27 369
189 241
190 6
191
192 26 213
193 242
194
195 97 393
196
197 427
198 408
199 475 397 437
200 423
201 158 451
202 91 452
203 78
204 192
205 76 319
206
207
208 24 439
209 108 454
210 12 482
211 260 308
212
213 166
214
215
216
217 252
218 117
219 456
220 271 377
221 167
222 146
223 349
224 139
225
226 239 274 287 434
227
228 322 343
229 483
230
231 342
232 376
233
234 448
235
236 237
237 113
238 265 426
239 443 395
240 11 83
241
242 61 304
243
244 278 137
245 281 168
246 128
247 31
248
249
250 368 339 105
251 99
252 2 253
253 400 29 313
254
255
256
257 404 114
258 176 267 314
259 360
260
261 365 206 207
262 86 235
263
264 69
265 33 355
266 362 414
267 387
268 418
269
270 359
271 67
272
273
274 44
275 263
276 123
277 468 200 246 389
278 34
279 251
280 227
281 261 478
282
283 303 372
284
285 156
286 285
287 331
288 458
289
290
291 191 270
292 153 291
293 450
294 177
295
296
297 17 496
298
299 244 386
300 109
301 209
302
303 279
304
305 356
306 120
307 245
308
309
310
311
312
313 58
314 388
315
316 210
317 346
318
319
320 110
321
322
323
324
325 499 269
326 383
327 173
328 132
329
330 256
331
332
333 226 165
334
335 326
336 370 276
337
338
339 43 129
340 208 406 457
341 465 90
342 336
343
344
345 250 81
346 53 196
347
348 345
349 74 180
350
351
352
353 188 289 476
354 9 463
355
356 190 77 87
357
358
359
360
361 495
362 30
363 375
364 310
365 299 243
366 100
367 159
368 297 211
369 350
370 119 202
371 248
372
373 37
374
375
376
377
378
379
380 60
381 420
382
383
384
385
386 421
387
388
389 275
390
391 197 112
392 340 198
393 321
394 92
395
396 232
397 169 431
398
399 223 187 195 185
400 160 205
401
402 1 283
403 163
404 402 361 164
405
406
407
408 172 148
409
410 330 438
411 93 380 290
412 170 141
413 429
414 384
415
416 238 424 485
417
418
419 140 364
420
421 358
422 42 415
423 10
424 469
425
426
427 57
428
429 36 333
430 124
431
432 54
433 428
434
435 447 115 378
436
437
438
439 186
440 236
441 455
442
443 464 300 104
444 490
445
446 85 407
447 487 498 332
448 371
449
450 179
451
452
453
454
455 254 296
456 481
457
458
459 70
460 467 306
461 46
462
463 489
464 171
465 82 147 150
466 7
467 316 49
468 199
469 318
470 305 392
471 398 436
472 272
473 193 184
474 446
475 183 72
476
477 373 127
478 329 382
479 240 106
480 410
481 396
482
483
484
485
486
487 218 154
488
489
490 301
491
492
493 215
494 13 374
495 470 96
496 367
497 357
498 182
499 25 126
