#/Users/schmidt73/Desktop/fastppm-data/bin/simulate.py --mutations 500 --samples 3 --coverage 100 --seed 4 --output sim
# GMT Fri Sep 13 14:24:47 2024
# 
0 367
1 436 37 490 229 430
2
3 179 347
4 35 51
5 403
6 247
7 171 272
8
9 44 383
10 203 207 497
11 418
12
13 284 263 386
14
15 420
16 310
17 236 282
18 339
19
20 439 493
21
22 41 83
23
24 452
25
26
27 295
28 199
29 42
30 120
31
32
33
34
35 362 412
36 151 323
37 365
38 181
39
40 485 462
41 138
42 326
43
44 242 72
45 465
46
47 5
48
49 294 117
50 159
51 60 156
52
53
54 415
55 324 258
56 303 183
57 307 342
58 110
59 400 396 157 441
60 89
61 419 49 311
62 3 142 407
63
64 249 97
65 299
66 340
67 73
68
69 224 434
70 201
71 155
72 269
73 409
74
75 402
76 154
77 20 413
78
79
80 271
81 468
82
83
84
85
86
87 240
88 364
89
90
91 283
92 428
93
94 408
95 160
96 293 62 492
97
98 185
99 18 245 132
100 175 327
101
102 145
103
104 85 192
105
106 477
107 391 460
108 210
109 421
110 67
111 433
112 28
113 108 146 264
114 360 163
115
116
117
118
119 214
120 31 95
121 13
122
123
124 32
125 382 122
126 437 410
127 14 30
128
129 190 273
130
131 102
132 380
133 344
134
135
136 10 427 166 226
137 217
138
139
140
141 238 213 87 479
142 265
143 385 82 234
144
145 431
146 388 204 256
147
148
149 48 257
150
151 320
152 318
153 262
154 153
155 24
156
157
158
159
160 345
161 94 144 260 350
162 169
163
164 218 450
165
166 209
167
168 1
169
170 286 317 422
171 56 113 187
172 176 71
173 170 38 414
174
175 281
176 173
177
178
179
180
181
182 254
183 150 404 456 449
184 27
185 425
186 423
187
188
189 297 191 305
190 225
191 248 252
192 387
193 435
194
195 198
196
197 426
198
199 148 194 244
200 312 314
201 7 103
202 182
203
204
205
206 231
207 457
208 411
209 193
210
211
212
213 47 177
214 66 454 196
215 200
216
217
218 36
219
220 88
221 6 119 216
222 489
223
224 11
225 332
226
227 147 222
228 26
229 440
230 9 476 484 429
231
232
233
234
235
236 105
237 487
238 109
239 91 494
240 316
241 92 346
242 228 237 167
243 241 235
244 358
245 46 363
246 255
247
248 106 379
249 309 488
250
251 21
252 250
253
254 466 74 239 268 458
255 57 112
256
257 50
258
259 220
260
261 84
262
263 337
264 321
265
266
267 115
268
269
270 348
271 233
272
273 475 232
274
275 395
276 343
277 131 285
278 279 322
279 499 359
280 319 79 116
281 143
282
283 392
284 278
285
286 141
287
288 2 341 369
289 16
290 288 129 206
291
292
293 70
294 313 100 390
295
296 261 298
297 354 130
298 376
299
300
301
302 335 328
303 172 208
304 107
305 459
306
307 243
308
309 302
310 219
311
312
313 4 202 301 356
314
315
316 287
317
318 276
319 53 78 158 432
320
321
322 280 325 491
323
324 64 308 473
325 443
326 25
327
328
329 19 445
330
331 123
332 289
333 61 128
334 33
335 370 45
336
337
338 99 164
339
340
341 124 68
342
343 54 75
344
345
346
347 306
348
349 227
350
351 223
352
353 189 22 372
354 125
355
356
357 52 444
358
359 375
360 495 336
361 126 447
362
363
364 438
365 40 291
366
367 59 374
368
369
370 406
371 77 29 186 205
372
373 334 467
374 480 63
375
376
377 174
378 195
379
380 315
381
382 55 389
383
384
385 184 34 351
386
387
388 137
389 81
390
391
392 296 478
393
394 69 455
395
396 121 12
397 330
398
399
400 464 246 93 470
401 384
402 349
403 127 259 304
404 162
405 474 453 212
406 230 139 471
407
408 104 292 481
409 393
410
411 329 76
412
413 397 401
414
415 140
416 178 399
417
418 461
419 486 463
420 331
421 290
422
423 86 361
424 111 152
425 101
426
427 43 267
428 338
429
430 448 270
431
432
433 472 211
434
435 442
436 333 377
437 368
438
439 65 416
440
441 275
442 498
443
444 352
445 266 398
446 80
447
448 253
449
450
451 188
452 405
453 135
454 98
455
456 381
457
458
459
460
461
462
463 17 251
464 424 8 355
465 23
466 221
467 161 451 274
468 39
469
470 378
471 300
472 168 277
473
474 134
475 58
476 15 469
477
478
479 215
480 371
481
482 136 118 197
483 165 180 496
484 149
485 90
486 114
487 373 483 417
488 394
489
490 133 366
491
492 357
493
494
495 96
496
497
498 446
499 353 482
