#/Users/schmidt73/Desktop/fastppm-data/bin/simulate.py --mutations 1000 --samples 3 --coverage 100 --seed 10 --output sim
# GMT Fri Sep 13 14:26:19 2024
# 
0 559
1 422 725
2
3
4 178
5 70 678
6 984
7
8 78
9 719
10
11 409 393
12
13 84 553
14 618 713 700 715
15 770
16 298
17 72 180 361
18 169 476
19 69 279
20 155
21 459
22 116
23
24
25 118
26 842 48
27
28
29 974
30 566
31
32 232
33 267
34
35 798 304
36 81 612
37
38 706
39 18
40
41
42
43
44 223 755
45 76
46
47 621
48 972
49 45
50 23
51
52 412 486
53
54 767
55 215 286 481 374
56 363 662
57 319
58 688
59 432
60
61 538
62 245
63 643
64 983
65
66 806
67 397
68 56
69 644 730 760
70 358
71
72
73
74 3
75 716 88 235 373
76 943 451 610 398
77 213 399 449
78 106 813 958
79 75 667
80
81 931
82
83 282 15 336 49 514
84 995 242
85 281 469
86 827
87 682 627
88 693
89
90
91
92
93 800 199
94
95
96 233
97 574 333
98 598
99 906 625
100
101
102
103 861
104 687
105 838
106
107 882
108
109 826 548
110
111
112 122 619
113
114
115 508 208
116 288 380
117 925
118 142
119 370
120 604 444
121 991
122
123
124 867
125
126 942
127 761 597
128
129
130 616
131 10 98
132
133
134 736 753 102
135
136
137
138 338 844
139 505 517
140
141 424
142
143 507
144 104
145 420
146 779 654
147
148 487 704
149 985 702
150 564
151
152 994
153
154 499
155
156 498 551
157
158 851
159 93
160
161 691
162
163 575 697
164
165
166
167
168
169
170 671
171 296
172
173
174 287
175 315
176 77 42 218
177 841 666
178 733
179 206
180 294
181
182 724 96
183 146
184 890
185 944 360
186 492 614 630 261
187
188 387 201
189
190 269 677
191
192 379
193
194
195
196
197 501 131 126 775 705 914
198
199
200 408
201 723
202 121 303 321 405
203
204 244 759
205
206
207
208
209 465 262
210 138 771 976 674 864
211 989 214 747
212
213 712 561
214
215 655
216 636
217
218 853
219 855
220
221
222
223 543 207
224
225 210
226 721
227 859
228
229 951 513 895
230 846 794
231
232 534
233
234
235
236 203
237 928 221
238 899
239 999 170
240
241 136
242
243 748 343 249
244
245
246 16 820
247
248 308
249
250 949
251 732
252 407 518
253 411
254 224 547
255
256
257
258
259
260 39
261
262
263 541 309
264 390
265 25
266 684
267 511
268 185 948 258 520
269
270
271
272
273 545
274 326
275
276
277
278 150
279
280 803 860 359
281 192
282 79 664 313 774
283 927
284 869 445
285 197 954
286
287 400 615
288 226
289 480
290 255 661
291
292 174 293 830
293 377 689
294
295
296 464 778
297 5 679 811
298 109 583
299 271
300 467
301 982 183
302 419
303
304 590 181
305 152 973
306 638 482
307
308 690
309 970 957
310 35
311 367 471
312 91 133 495
313
314 311
315 272 572
316
317 990 834
318 832
319 606
320 792
321
322
323 216
324 143
325 529
326 652
327
328 90
329
330 877 24 626
331 381
332 933
333 112
334
335 763 905
336 886 209 624
337 824 479
338
339
340
341 101
342 167
343 289 417
344
345 809
346 637
347
348 327
349 901 454
350
351 2 602 751
352
353 41 986 660
354
355 97 885
356
357
358 306
359 663
360 699
361
362 875
363 930
364 160 797
365
366 36
367
368 909
369 441
370 823
371
372 428 141
373
374 814
375
376 622 301 191 648
377 504 810
378 99 17
379 460 833
380
381 746
382 516
383
384
385 576 494
386 921 992 897
387 225
388 801 857
389 193
390 584 37 758
391
392 86 125
393 591
394 577 718 946
395 219 567
396
397
398 220
399 357
400 236
401
402 926
403
404 634 386
405
406
407 89 862
408 978
409 821
410
411
412 878
413 342
414 434
415 123 132
416 781
417 30
418 708
419 416
420
421 804
422 891
423 50
424 347 641
425 111 607 879
426 762
427
428 92
429
430
431 871
432 285 703 669
433
434
435
436 140 339
437 389 848
438 26 161
439 845 642
440
441 82
442
443
444
445 589
446 611 582 325 490
447 115 365
448 722 980
449
450 376 628
451 278 631
452
453 237 352
454
455
456
457
458 134 328 835
459 212
460
461 156 468
462 153
463 295
464 557
465 113 300 329 573
466 322 396
467
468 766 780
469
470
471
472
473 158
474 889
475 993
476
477 720
478 749 769
479 117 33
480 729
481 474 317
482
483
484 477 190
485 874 893
486 472
487
488 369
489 728
490
491 6 297 425
492 268 603
493 95
494 366
495
496
497
498
499
500 964
501 550 202 530
502
503
504 793 483
505
506 808 61
507 186 960
508 772 497
509 350 768
510 19
511
512 273 430
513 238
514
515
516
517 856
518 344 796 802
519 266 351 284
520
521
522 665
523
524
525 533
526
527 579
528 46 52
529 413 222
530 623
531
532
533 57
534
535 247
536 515
537
538
539
540
541 47 580
542
543 987 854
544
545
546
547
548
549 937 922
550 562 94 194
551
552
553
554 217
555
556 837
557 658
558 410
559 246
560 32 988 502
561
562 975
563
564
565
566
567 938
568 105
569 38 981
570 600 683
571
572 790
573 433
574 66
575
576 337 539
577 80 427
578 145
579 254
580 620
581
582 139
583 457
584 765 560
585 429
586 880
587 840 934
588 698
589 31 525 996
590 646
591
592 929
593 189
594 940 137
595
596
597
598
599 8 440
600 825 979
601
602 450 154
603 950
604 187
605 230
606 681
607 283
608 506 291
609
610 184
611 395 632
612 532
613 868
614 40
615 812
616 43 673 852
617 488 563
618 20 876
619 228
620 887
621
622 829 211 680
623 692
624 788 552
625
626
627
628
629 858 726
630 353
631 290
632
633 740
634 570
635
636
637
638 54
639
640 414 735
641
642
643
644 204
645 743 391
646 920
647
648 904 496
649
650
651 947
652 466
653 847
654 276
655
656
657 776
658
659 916
660
661
662
663
664 556 372
665
666 593
667 453 676 578
668
669
670 7 836
671 196
672
673 822 966
674
675
676 436 741
677 785
678
679
680 952
681
682 903 22
683 248
684 404 789
685
686 128
687 694
688
689 936
690
691 528
692
693 849
694 330
695
696
697
698 843
699
700
701 234
702 147 898
703 601
704
705
706 977 888
707 265 717 609
708
709 945
710
711 163
712 87
713 334 696
714
715
716 264
717 967
718 783
719 421
720 782
721
722 932
723
724 349
725
726
727
728 737
729 324 524 546
730
731 493
732 963
733
734
735 955
736 549 299 650
737
738 205 647
739 354
740
741
742 592
743 65
744
745
746
747 764
748 791 531 714
749 378 475
750 512
751 711
752 558
753 13 571
754 188
755
756
757 865 953
758 462 537
759 275
760
761 120
762
763 969
764 340 872
765 670
766
767 239 371
768 500
769 915 171
770 503 787
771 168 332
772 707
773
774 320
775 292
776 68
777 384 786
778
779 21 259
780 912
781 144 55
782 73
783
784 388 348
785
786
787
788 270 633
789
790 640 799
791 74 817
792
793 362
794 815
795
796
797
798 368 918
799
800 164
801 659 908 179
802
803 657 997
804
805
806
807 458 162 907
808 243 939
809
810 863
811
812
813 316 522
814
815
816 757
817 124 701
818
819
820 431
821 200 114 241
822 415
823
824 956 375 805
825 919
826 478 491 461 509
827 182 9
828
829 961
830 318
831 12 346 816
832
833 896
834 536
835 629 924
836 280
837 651 364
838 519 166
839
840
841 263 58 331
842 884
843 423
844
845 596
846 599 165
847 64 439
848 307
849 29
850
851 302
852 172 695 911
853
854
855 473
856
857 435 873
858 119
859 998
860 900
861 744
862 250
863
864
865 773
866 672
867 581
868 310
869 4 645 594 554 448
870 568 71 157
871 540
872
873
874 447
875
876
877 14 108
878
879
880
881 510 151 443
882
883 83
884 831
885 745
886 588
887 60
888 127
889 463
890
891 752 710
892
893 240
894 382 734
895 544
896 828 917
897 173
898 527
899 819
900 253 521
901 59
902 100
903 438 177 274
904 277
905
906 870 159
907
908 227
909 605 335 542
910 653 777 402 452 523
911
912
913 485
914
915 902 750
916 53
917
918 962
919 935 731 535
920 51
921 27 129
922 251
923
924
925 149
926 709
927 383
928 176 965
929 34 63 968 685
930 198
931 355 256
932 668
933 314 739
934
935 229 595
936
937 11
938 231 892
939 356 635
940 686 866
941
942 446 305
943 484 585
944 28
945 639
946
947 742 586
948 148 971
949 894
950
951 569 555
952
953
954
955
956 1
957 756
958
959 442
960
961 392 850
962
963 394 470
964 401
965 110 323
966
967 456
968 649
969 675
970 403
971
972 426
973 489 795
974
975 883
976 587
977 385
978 910 103 818
979 85
980
981 195 406
982 807 941
983 44 135 923
984 608 130
985 913 455
986 418 839
987 613
988 312
989 437
990 345
991
992 784
993 881 341 754 727
994 260 565
995 67
996 959
997 252 175 738 257 526
998 107
999 62 617 656
