#/Users/schmidt73/Desktop/fastppm-data/bin/simulate.py --mutations 1000 --samples 3 --coverage 30 --seed 5 --output sim
# GMT Fri Sep 13 14:25:27 2024
# 
0 402 175
1 429 763 633
2 382
3
4
5 697
6 825 822 869
7
8 279 409
9
10 297 266 642
11 105 137
12 761 705 895
13 784
14
15 816 150
16 97 331 655
17
18 634
19 801
20 833
21 960
22 684 706 496
23
24 675 860
25 441
26
27 267 296
28
29 669
30
31 848
32
33
34 380
35 23 225
36
37 106 944
38 135 870
39 560
40 5 206
41 533 810
42 50
43 478
44 224 909
45 176
46 74
47 713
48
49 3
50 494
51
52 414
53 435
54
55 698
56 207 302 432 867
57 915
58 24 862
59 361
60
61 4 58 863
62 229 942 884
63 121 873
64
65 249 890
66 440
67
68 19 12 515 616
69
70 949 162 608
71 35 255 407
72 688 716
73
74
75 82
76
77
78 33
79 161
80
81 920
82
83 595 345
84 208
85
86
87
88 585 630
89
90 910
91
92 324 851
93
94 647
95 452
96
97
98 544 875
99
100 127 613
101 921 394
102 359
103 67 75 159 479
104 506 842
105 277 979
106 458
107 766
108 250
109 185
110 248
111 933
112
113 950
114 790
115
116 334
117 764
118
119 891
120 468 837
121
122 509
123
124
125 43 223
126 883 136 498
127
128
129 363
130 881 131 201
131 300
132
133 918 736
134 750
135 337 465
136 813
137 636 831
138 959
139
140 874
141
142
143 610
144
145 339 228
146 562
147 841
148 519
149 40
150
151 94
152 56
153 256
154
155
156 25 893 241 262
157 710
158 71 953
159 628
160
161 191 980
162
163 861
164 700
165 51
166 671
167 473 964
168 995 872
169
170 937
171 453 635
172 459 548
173
174
175 364 218
176
177 338
178
179
180 416
181
182 158 588
183
184 11 645 686
185
186 770
187 528 965
188
189 712 38 945 714
190 657
191 709
192 623
193 65 670
194 658 776
195 2
196 677
197 753
198 89
199
200 69 390
201
202
203 436 214
204 584
205 662
206 840
207 687
208 552
209
210 748
211 970
212 126 975
213 78 303 439 547
214 149
215 61 167
216 47
217 49
218
219 180 237
220 55
221 844
222 573
223
224
225 449
226
227 28 839
228
229 278
230 824
231
232
233 643
234 63 257
235 735
236 674
237
238 469 128
239 518 505 627
240 405
241 186 422
242 889
243 838 587 723
244 86 378
245
246
247 615 971
248 868
249 689 9 514
250
251
252
253
254 30 809 777
255 299 144 990
256 289 715
257
258 604
259 804 445 740
260 683 202 749
261 654
262
263
264 271 570
265 227
266
267
268 663
269 859 969
270 805
271 930
272
273
274 906
275 446
276 464 934
277 665
278 59
279
280
281 572 152 977
282 589
283
284
285
286 511
287 320
288
289 39
290 539 537
291 796
292 356
293
294
295 612
296
297 894 828
298 274
299 987
300 178
301
302
303
304 261 727
305 789
306 90 87 272 656
307
308
309
310
311 347
312
313 34
314 622
315 534
316 806
317 259
318
319 579
320 438
321
322 781
323
324 193
325 203 354
326
327
328
329
330
331
332 189 798 955
333
334 456 183
335 788 605
336 858
337
338 164 597
339 84 110 134
340
341 707 377
342 195 998 384
343 21 268
344
345
346
347
348 988
349 886 66
350 95
351 309 326
352 222
353 754
354 125 866
355
356 834
357
358
359 485
360 192
361 374
362 574
363
364 935 116
365 974 745
366
367 349 13
368
369 288 493
370 355
371
372
373 947 133
374 7 190 958
375 941
376
377 60
378
379 525 794 773
380
381
382
383 198
384 936
385 425 664
386 966
387 482
388
389 752
390 415
391 787 362
392
393
394 864
395 854
396
397 817
398 793 614 885
399 219 751
400 943 755
401
402 316 757 899
403 471
404 184 145
405 85 187
406
407
408
409
410 113 803
411 413
412 52
413 305
414
415
416
417 367
418 215 879
419 240 993
420
421 708 323 492
422
423 41 486
424 96 876
425 332
426
427 369
428
429 100
430 847
431
432
433 393
434 512 644
435
436 503 853
437
438
439
440 914
441 542 335
442 466
443
444 946
445
446 448 283
447
448 460
449 526
450 952
451
452 815
453 44 797 270
454 480 301 791
455 146
456 108 353
457 724
458 391 220
459 421 99
460 926 372 513
461
462 624 590
463 155 765
464 461
465
466 728
467
468 976 641
469 37
470 396
471 811
472 783 702 738
473 451
474 472
475
476 530
477 117 236 357
478 276 923
479
480 888 260
481 73 298 499
482 823
483
484 194
485 350
486 306 596
487 141
488
489 666 111 120 157
490 557 98 107
491 563
492
493 983
494 315
495 424 284
496
497
498 142
499
500 737 17
501
502 15
503 1
504 871 177
505
506 626
507
508
509
510
511
512
513 685
514 130 160
515 304
516 383 287 968
517 246
518 556 328
519 165
520 692 64 704
521
522 520 835
523
524 729 70 648
525 36 428
526
527
528
529 880
530 42 437
531
532 234
533 827
534 725 467
535 973
536 72 625
537
538 221
539 484 855 578
540
541 768
542 62 600
543 376 832
544
545
546 829
547 695
548
549 640
550 290
551 423 426
552
553
554 549 629
555
556 778
557 20 502 118
558 637
559 523
560 313 457
561 154 253
562 653
563 524
564 956 814
565
566 606 314 555
567
568 558
569 103 994 631
570
571 365 517
572 571
573 321
574
575
576 564 681 771 603
577
578
579
580
581 650
582 352
583 32
584 265 263 718
585 583 210
586 269
587 900 139
588 29 913
589
590
591
592
593 591
594 398 986
595 992 568
596 901
597
598 490 392
599 487
600 774
601 217 418 197
602 807
603
604 119 408
605 550 483
606 16
607
608
609
610 140
611 242
612
613
614 516
615 491 252 346
616
617
618 782
619
620
621 330
622 179 830
623
624 497
625 821 904
626 322
627
628
629
630 536
631
632
633 510
634
635
636 351
637
638
639
640
641
642
643 123
644
645 406
646
647 318 559 940
648 717 818
649
650 239
651
652 957
653 912 732
654 489 463 985
655 812
656
657 196
658
659
660 212
661
662 599
663 856
664
665 420 443
666 808 327 447
667 454
668
669 286
670 53
671
672
673 109 694
674
675 668
676 333
677 954 495
678
679
680 417
681 419 282
682 385 76
683 929
684 91 882 719
685
686
687 592 795
688 802
689 163
690
691 500 924
692 88
693
694
695 690
696 772
697 691 963
698
699 31 746
700
701 762
702 235 978
703
704
705
706 307 767
707 375 171 638
708 711
709 433
710
711 244
712 741
713
714
715
716
717
718
719
720 679
721 308 621
722
723
724 455
725 504
726 181
727
728 989 427
729 598 216 151 693
730
731 379 897 527 758
732
733
734 281 174 444
735
736
737 594 522 57
738
739
740
741 404
742 188
743 731
744
745
746
747 902
748
749
750 403 602 733
751 434
752
753
754 199
755
756 226
757 147 905
758
759 849
760 104
761 721
762 744
763 819 122
764 538
765 411
766 742
767 593
768 917
769
770
771 264
772
773
774 843
775
776
777
778 551
779 294
780 170 567
781 395
782 972 951 857 878
783 138 618 340
784 397 344 462 553
785 680 991
786 543
787 412
788 682 521
789 672 696
790
791
792 153
793 336
794 280 925
795
796
797 80 358
798 896 211 661
799 800
800
801 410
802 114
803 205 984
804 566
805
806 325 310
807
808 83
809 919 565
810 231
811 541
812
813
814 112 730
815 275
816 931
817 343
818
819 673 779 845
820 660 124
821 982
822 45 400
823 760
824 341
825 243 877
826
827 652
828
829 233 329
830 501
831
832
833 476 850 143
834 172
835 348 232
836
837
838 182 898 577
839 48 291
840
841 865
842
843 168
844 79 360
845 430
846
847 620 852
848 129
849
850 939
851
852 922
853
854 101
855 582
856 759
857 720
858 667 836 948
859 554
860
861 247
862 646
863
864 285
865 780
866 477
867 703
868
869 442
870 908
871 230 826
872
873
874
875
876
877
878 997
879 373
880
881 474
882 701
883 911
884
885 450
886 601 317
887
888 928 102
889 981
890
891 173
892 10 907
893 77 388
894 576 756
895
896 996 743 932
897 209 799
898 529
899 389
900 254 580
901 399 368
902
903 258 739
904
905
906
907
908
909
910 46 676 678 927
911 238
912 475 531 607
913 470
914 962 540
915 319
916
917
918 156
919 132
920 488 747
921 611 769
922
923
924 508
925
926 93
927
928 342 292 401
929 68 546 586
930 245
931 26 27
932
933 431
934
935 92
936 295 775
937
938 312
939 148 967
940
941 785
942 481
943 81
944 561 166
945 581
946
947 387 14 887
948
949 892
950 8 649
951 535
952
953
954 999 273
955 938
956 54 916
957 200
958
959 18
960 820 507
961
962 792 293 386 651 961
963
964
965
966
967
968
969
970
971
972 311
973
974 204 545
975
976 371
977 722
978 251 619
979
980 366
981 6 115 381 659
982
983 609
984 632
985
986
987 213 846
988 169
989 569 639
990
991 617
992 734 726
993
994 370
995 532
996 699
997
998 903 575
999 22 786
