#/n/fs/ragr-research/projects/fastppm-data/bin/simulate.py --mutations 500 --samples 3 --coverage 100 --seed 8 --output sim
# GMT Sun Oct 13 15:00:17 2024
# 
0 152
1
2
3
4
5
6
7
8
9
10 497 85
11 55 135
12
13 357 182
14 115 19
15
16
17 11
18 472
19
20 203
21 133
22
23
24
25 456 22 266 420
26 466
27 375
28
29
30
31 28 463
32 137
33 219
34 296
35 297
36 241
37 127
38
39 248
40
41
42
43
44 492 411
45 391 9 143 282
46
47
48
49
50 354
51 124 228
52
53 329 259
54 172
55 249 490
56 446
57 27
58
59
60 168
61 39
62 489 325
63
64 97
65
66
67 36 213
68 339
69 92 300
70
71 114 363
72 206
73 15 289
74
75 270
76 10 304
77
78
79 269
80
81 31
82
83 257
84 251
85
86 117
87
88 205
89 287 221
90 16 440
91 310 309
92 187 294
93 212
94 303 215
95 146
96 68 445
97
98
99
100
101
102
103 54
104
105 400 444
106 1
107
108 374 65
109
110 371
111
112
113 6
114 402 74
115 267 56
116 208
117 288 232
118 53
119 451
120 88
121
122
123 306
124
125
126
127 331
128 188
129 96 119
130 319
131
132
133
134 376
135
136
137
138
139 449
140 83
141 494
142
143 63 111
144 332
145
146 322 421
147 368 141
148 422 264
149
150 70 155 462
151
152 216 345 396
153 174 214
154 61 383 408
155
156
157 399 334 447 132 167
158 109 483
159
160
161 12
162
163 273 78
164 81
165 202
166
167 254
168
169
170
171 122 291
172 370 341
173
174
175 364
176 487
177 480 46 275
178
179 51
180
181 278
182 24 351 381
183
184
185 100 423
186
187 384 256
188 25
189
190 425
191 464 233
192 130 455
193
194
195 76 459 409
196 352
197
198 438
199 181
200 315 272
201
202 7
203
204 223 333 151
205
206 118
207 186 491
208 427
209 226
210
211
212 441 95 99
213 453
214
215 224
216 343 240 496
217 389
218 418
219 443
220
221
222
223 242 64 253
224 59
225
226 23 26 82
227 230 475
228
229 72 235
230 5 158
231
232
233 161 102 231
234 474
235 382
236 86
237
238 316
239 369 21
240 295 157 353
241 239
242 177 200 105 173
243 106 258
244
245 160 307
246
247
248 156
249 301 110
250 175 57 220
251 340
252
253 201
254 394
255
256 229 159
257 163
258
259
260
261
262 149
263
264 328 406
265 358
266
267 128 465
268 120 222 437 476
269 236 112 207 197
270 80
271
272 41
273 75
274
275
276 178
277 432 482
278
279 434
280 190
281 246
282 268
283 3 468
284 17
285 274 424
286 218
287 20 380 317 321
288 90 414
289 107
290
291 261
292
293 60 271 323
294 40 179
295 356 308
296 318 84 211
297 428
298 189
299
300
301 34 279
302 170
303 412
304 277
305 430
306 313 416
307
308
309 435 439
310 413 164 33
311 209
312
313 379
314 495
315 286
316 393
317 252
318 243 91 326
319 448
320 293
321
322 147 131
323
324 125
325
326
327 355
328 281
329 234
330
331 276 327
332
333 349
334 98
335 183 342
336 350
337 165
338
339 45
340 171
341 442
342
343 305 458 194
344 262
345 415
346 103
347
348 429
349 362
350
351 150
352 192
353
354 450
355 180 210
356 42
357 35
358 452
359 142
360
361
362 138
363 373
364 129
365 8 50
366 292 386
367 13
368 469
369 499 94 302
370 30
371 407 431
372 395
373 193
374 471 237
375
376 436
377
378
379 176 346 290 470
380 359
381
382
383
384 89
385 123 344 280
386
387 195 52
388
389
390 410 457
391 473 32 48
392 488
393 37 140
394
395 191
396
397 169 478
398 204 336
399 77 126
400 101
401 196 454
402 116 87 366
403 134 314
404 62 73 166
405 397
406
407
408
409
410 225
411 324
412 392
413 227 217
414 378
415 403 335
416 360
417 467
418 29
419
420
421 67 113
422 136
423 426 247
424
425
426 184
427 2 79
428 283 148
429 372 493
430 93 18
431
432 185 144 390
433 4
434
435
436 401 263
437
438
439
440 255
441 387
442
443 244 477
444 153
445 245
446 417
447 121
448 312
449 419 485
450
451 311 238
452 460
453 139 199 299
454
455
456 284 198
457 481
458 367 38
459 338 361
460
461 14 108
462
463 162
464 71 320
465
466
467
468 250 66 388
469 348
470
471 47
472
473 365 265
474
475 285
476
477
478
479
480 385 260
481
482
483
484 43 145
485 479
486 337 484
487 404 58
488 154
489 433 486
490
491 377
492 461 69 330
493
494 49
495 298 347
496 498 405
497 44
498 104
499 398
