#/Users/schmidt73/Desktop/fastppm-data/bin/simulate.py --mutations 2500 --samples 3 --coverage 30 --seed 18 --output sim
# GMT Fri Sep 13 14:32:34 2024
# 
0 759
1 593 808
2 1061
3 179
4 2118 496
5 1868 979
6 1798 596
7 1527 2028
8 139 475
9
10
11 2442
12 902 1302
13 1214
14
15 177 1332 480
16 2206 246 712 820 1556
17 2014
18
19
20 1531 1802
21 676
22 1378 1717
23 2064
24
25
26 1291 752 1148
27 1235 1640
28
29 154
30 1712
31
32
33 12
34
35
36 718
37 1352
38
39
40
41 1829
42 369 534
43 75 155 425
44
45 2382 426
46 420
47 576
48 462 164 1781 1837
49
50 360 1453
51 1133 2002
52
53 2361 2420
54
55 2305
56
57
58
59
60 131 1376
61 1230
62
63
64 1991
65
66 1576
67 1108
68 1866
69
70
71 119 661
72
73 483
74 1534 965
75 1462
76
77
78 467
79 2211
80 725
81 2488
82 1181
83 2253 793
84
85 1860
86 600
87 192
88 2371
89 1330
90
91
92
93
94
95
96 441
97
98 2277
99 2086
100
101 471 1412
102 1444
103 1635
104
105 946
106
107
108 2266
109 100
110
111 1131
112
113 1306 1443
114
115 2076
116
117 2493
118 983 512
119
120 565 2460
121 2049
122
123
124 2042
125 1085
126 82 770
127
128 857
129 1092
130 826 851
131
132 628 1366 1493
133
134 1070
135 942
136
137 1122
138
139 413
140 1519 704
141
142
143 340 2 258
144 1942 2091 434
145 1093 1217
146 410
147 388 840
148 581
149 91 932
150
151 332
152 1539 2043 281
153 1210 1082
154
155
156
157 1682 312 469
158 768
159 1586
160
161
162
163
164
165 1005 1489 1983
166 1435
167
168 2421
169 1870
170 1739
171 1311
172 1402
173 2209
174 2122
175 2204
176 217
177
178 468
179
180
181 1425
182
183 1426
184
185
186 1854
187
188 2412 716
189 1955
190 1465
191
192
193 1790
194
195 2356
196 1734 1789
197
198 1941 1817
199
200 1364 280
201 975 1595
202 2260
203 838 2205
204 917
205 105 1873
206 327
207 254 1655
208
209 922
210 1136
211 859
212 2307
213
214 1632
215 1507
216
217
218
219
220
221 1069
222 875 1730
223
224 2198
225
226 1896
227 1815
228 2081
229
230
231 2115 760
232 2029 2192
233 1925 2331 2357
234 2302 1225
235 1645
236 1283
237
238
239
240 180
241
242
243
244 1328 597 1706
245 1824
246
247
248 1365
249 60
250 696
251 1248
252 1286
253
254
255
256 957
257
258 1851 2215
259 1757
260 145 1403
261
262 1685 291
263 2194
264
265
266 1533 142 1314 1120 2120
267 1258 110 529
268
269 968 807
270
271 1427
272 113 1276
273
274 2480
275
276 567
277 2375
278
279 2342
280
281
282 994 1644
283
284 2495 1793
285 1169
286 1282
287 1508
288 2468 1428 1139
289 1464
290
291 1126
292 335
293 2467
294 1176
295
296
297 945
298 265
299
300 824 709
301 1259
302
303 1013
304
305 2026
306 2117
307
308 2186 1237
309 1436
310
311 456 1213
312 2208
313 944
314
315 1804
316
317 2108
318 2403
319 1461
320
321
322 135 1202
323 2170 982 1827
324 1692
325 907 2143
326
327
328
329
330 271
331 80
332 608
333 240 1805
334 65 95
335 2351 1814
336
337
338 1109 2112
339
340 1488 834
341 842
342 612
343 1810
344 371
345 746 1565 1906
346 2184 700
347 2452
348 1076
349 140 1373
350 2465
351
352 411
353 2285
354
355
356
357 2085
358 1593
359 2092
360 1816
361
362
363 2015 2132
364 2210 2060
365
366 1653
367
368 33 841 610 545 1592
369 120 2167
370
371
372 1722 1312 1543 394
373
374 1368 1724
375
376 1745
377 212 1855
378 1424 1044
379 1218
380
381 541 1111
382
383 1506 2244
384 1308 684
385
386 1960
387 1769 2034 1968
388 1538 1215
389
390
391 1647 560 713
392 1765 1833
393 1353
394
395 18 1978
396 2001
397 1458
398 1040 2217
399
400 381 686
401 1014 996 1903
402
403
404
405 2497
406 739 1823 2425
407 191
408 2038
409
410 2053
411 326
412 1603 1103 1182
413 879 495
414 1735 183
415
416
417
418
419
420 1701
421 972 1343
422
423 2484 83
424 2008
425 1451
426 2187
427
428 2017 62 2191
429 2009
430 2168
431 1791
432
433
434
435 206
436 809
437 1786
438 2219
439 805 1693
440 488 872
441
442 1658
443
444 2249 1677
445
446 1950 200
447 1973 342 2199
448
449
450
451
452 2250 960 1547
453 11 409 1303
454 2364 2314 158
455
456
457
458
459 1743
460 128 1130 2473
461 1192 936
462 2398 1771 1123 2290
463 1753
464 437
465
466 2222
467
468 2416 1571
469
470
471 288 973
472 912 1608 2327
473 2300 1264
474 227
475
476 2099
477 1929
478
479
480 1545 607
481
482
483
484 1874
485 1767
486 168 1399 2055
487
488
489 2407
490 1221 193
491
492
493
494 66 2365
495
496 2175
497
498 293 382 1878 2147
499 926
500
501
502 194 286
503
504 2073
505
506 2142
507 243
508 144
509
510
511 2368 1442
512
513 296 860
514
515 24
516 894
517
518 1884
519 251
520
521 2476
522 2106
523 989
524 1321 463
525 2201 1224
526
527
528
529 1487
530 509 852 905
531 2025
532 73 525
533 1491
534 2188 1048
535 1649 2189
536
537 1520 918 2283
538 1351 2427 1287
539
540 614
541 1316 2478
542 84 1711
543
544 1811 1336
545 1290 1566
546 2067
547
548 2004
549 1033
550
551
552 1705 1633 2102
553
554 2379 1479
555 2343 1178 620 1468 1174 1415 2332
556
557 854 865
558 1727
559 292 2321 796
560 1362 374
561 2070
562
563 2090
564 1184
565
566 2141
567 294
568 2449
569 613
570
571
572 36
573 117 1152
574 844
575 935 499 1222 1300 1889
576
577 646
578 104 1861 653
579
580
581 2046 1552
582
583
584 1939
585
586 1284
587
588 111 2389
589 555 387 1698
590
591 1142 666
592
593
594 1615
595 1503
596 1158 1557
597 1659 590
598 403
599
600
601
602
603
604 51
605 264 1495
606
607
608 1008
609
610 715 2479 2490
611
612 2071
613
614 2045 958 2023
615 1725 102
616
617 722 223 2455
618
619 23 511
620
621
622 380 1096 1450
623 1145 1039
624
625 451
626 346
627
628 1958 505
629
630 683
631 1393
632 256
633 2499
634
635 41
636
637 325
638 1099 1657
639
640
641
642 1207 2259
643 302
644 1238 230 929
645 1054 1989
646 1031 1409 2271
647
648 98
649
650
651 1794
652
653
654 1024
655 363
656
657 2179
658 831 1964
659
660
661 916 1613 1996
662 705 2039
663 143 624
664 1419
665 1167
666 2458
667 28 1559
668
669
670 900 204
671 173 336
672
673 1808 2200
674 2263
675 748 447
676 205 338 1115
677 2124
678
679
680 1289
681 1707 2247 1361
682
683 2434
684 1726
685 2315
686
687 1354 211 609
688 681
689 1606
690 2417
691 94
692 1890
693
694 1852 645
695
696
697
698
699
700 1846 1888
701 1037
702 1540
703
704
705 1138
706
707
708 1542
709 888 1844
710
711 252
712 1501
713 2031 1529
714
715 311 2362
716 190 375
717 1688
718 2273
719 136
720 103
721
722 1572 2436
723 950
724 1062 2256
725 2402
726
727 813 1862
728 2474 2125
729
730
731 2135 691
732 588 219 2344
733 320 503 1448 2129
734 1690
735 2303
736
737 26
738
739
740 1288
741 721 1988 2151
742
743
744 2050
745 1911 1764 2068
746 2376
747
748 412
749 2318
750 1252
751
752
753 1759
754 1199 1605
755 1634
756
757 599
758 1796 2185
759 1045 498 353
760
761 778 1172
762
763 2397
764 445
765
766
767 626
768 2248
769 682 2035
770
771 1179 874
772 2387
773 811
774 1325
775
776
777
778 753 287
779 2133
780
781 930
782
783 835
784 25
785
786 2339
787 1963
788
789
790 350
791 2261
792
793 1660
794 1803
795 2087
796
797 642 81
798 2109
799
800
801 2278
802 2437
803
804
805
806
807
808
809 343
810 2233
811 1367
812 516 1674
813 2274 662
814
815 137 634 775 915
816 2239
817
818 708 758
819 732 134 995
820
821
822
823 1590
824 1418 2005 580
825 586 655
826 53
827 1924
828 764 1580
829 896 1247
830
831 2374
832
833 558 1371
834 719
835 997 1575
836
837 2291 966 1881
838 2139 2492
839
840
841 745 1947
842 61 991
843 165 1201
844
845
846 58 2463
847
848
849 2232
850
851
852 1281 2214
853 1157 2440
854 2483
855 42
856 1349 2258
857 1858
858 577 1047
859
860
861 1822
862 2162
863 1680
864
865
866 569
867 245
868 446 2228
869
870 1104 962
871 424
872
873 1119
874
875 985
876
877
878 184 348
879 1611 70 2180
880 1509
881 385
882 1564
883
884 1433
885 249 404
886 2404
887 1216 583
888 1400 2048
889 1472
890 1622
891 1631 2341
892
893
894 637 1292 1691
895
896 1518
897 2078 754
898 214
899 1285
900 2281 1778
901 550
902
903 1083
904 195 2235
905
906 500 1931 1475
907 1186
908
909 648
910 1907
911
912 1671 481
913
914 196
915
916 218
917
918
919 1747
920 2324
921 756
922
923 510 1405 2230
924
925
926 568
927
928
929 2110 2323
930 867 2445
931
932 1546
933
934
935 1699 1561
936 1298 448
937 616
938
939 2072
940
941
942 603 1723
943
944
945 977
946 147
947 1589
948 1709 324 344
949
950
951 453
952 1075 1679
953 1132
954
955 1057
956 1825
957 1905 2246
958
959 166 1404
960
961 315 871
962 933
963 640
964
965 1700 570 1954
966 175
967 839
968 1135 1101 2169 1505
969 1240 1607
970 323 1737
971
972 372
973
974 1268 1344 1770
975 2121 1746
976
977 533
978
979
980 1046
981 1280
982 1630
983 393
984
985
986
987
988 849 1114
989
990 2284
991 506 1914
992 1241 1596
993 2316 1946 801
994 827
995
996
997 2163
998 812
999
1000 1381
1001 1910
1002 32 1459 2021
1003 615 127
1004
1005 924
1006 781 1628
1007 365
1008 1036 1899
1009
1010 209
1011
1012 540
1013 1477
1014 730
1015 1326
1016 818
1017 743 1388
1018
1019 2159
1020
1021
1022 2359 1581
1023 1273 2411
1024
1025 742
1026 1777
1027 1437
1028 641
1029 1729
1030 819
1031 1147 776
1032 2069 740
1033
1034 1028
1035 174
1036
1037 1447
1038 1992 20
1039 402 1716
1040 727
1041 710
1042 2218
1043
1044
1045 132
1046
1047
1048
1049
1050 283
1051 14
1052 266
1053
1054 2298 984
1055
1056
1057
1058 1149
1059 711
1060
1061 552 677
1062 617 869
1063 74 182 1926
1064 1134 574
1065
1066
1067
1068 1541
1069 1938 400 882
1070 690
1071
1072
1073
1074
1075
1076 2030 762
1077
1078 2491
1079 2317 2095
1080
1081 2111 701 1293
1082 919
1083 1012 1832
1084 1029
1085 432
1086
1087
1088 63 1198 1401 1885
1089
1090
1091 46
1092
1093 1940
1094 29
1095 1883 777
1096 1937
1097 1651
1098 2394 1513
1099 1170 925
1100 1514 1204
1101 1301 671 2325
1102 1097
1103 2426 978
1104 440
1105
1106
1107 1484
1108 178
1109 551
1110 1456
1111 1662
1112 817
1113 1220 449 528
1114
1115 443
1116 2289
1117
1118 914 233 698
1119 670 547
1120
1121
1122 90
1123 1843
1124
1125 1160 1530
1126 561 1710 1957
1127 186 1084
1128 2240
1129 2255
1130 822 2457
1131
1132
1133
1134 1584
1135 34
1136 308
1137 239
1138 1578 685 1602
1139
1140 1072
1141 1348
1142 757 2413
1143 354 1847 736 2338
1144 1360
1145 2152 1536
1146
1147 489
1148 1668 2166
1149
1150
1151 2036
1152 763
1153
1154 895
1155 2406 1956
1156 2105 479 836 1317
1157 277 1022
1158 2148
1159
1160 1223
1161
1162 862
1163 584
1164 2288 992
1165 478
1166 794
1167 347
1168 2234
1169 2330
1170 125
1171 19
1172
1173
1174 1318
1175 1560 1410 106 1970
1176
1177
1178 606 2306
1179 114
1180 886
1181
1182 417
1183 1068 1667
1184 2388 1510 1792
1185
1186 2157
1187
1188 668 1550 2396
1189 531 2401
1190
1191 2454
1192 1720 2061
1193 260
1194
1195 1390
1196
1197
1198 2423 2386
1199
1200 1797
1201
1202
1203
1204
1205 2082 1524
1206
1207 694 92 96 861
1208 1219 1229
1209 486 2089
1210 244
1211
1212 2156
1213
1214 1515
1215 1728
1216 2353 1307
1217
1218 658
1219
1220 2226
1221 461 927
1222
1223 1027 330
1224 2010 1842
1225 333
1226
1227 1067 1278
1228 1441 890
1229 1256 1708
1230
1231 274 726 1331
1232 2462 2347
1233
1234
1235 1763
1236 788
1237
1238 846
1239
1240
1241
1242 631
1243 688
1244 16
1245
1246
1247
1248 2213
1249 1969
1250
1251 2011
1252 514
1253 1018 1620
1254
1255
1256 1625 2176 2181
1257
1258 2418 1056
1259 876
1260 78
1261 2103
1262
1263
1264 803
1265 847 1374
1266
1267 484
1268 231 349 1528
1269 1001
1270
1271 226
1272 101
1273
1274
1275 2013 301
1276 692
1277
1278
1279
1280 1570
1281
1282
1283
1284 2498 1916
1285 974
1286 806
1287
1288 1642
1289 737 873 1211 2381
1290 1516 1869
1291 493 2174
1292 2075
1293 2267
1294 1387
1295 1650
1296 693
1297
1298 210 2269
1299 2257
1300
1301 108 115
1302
1303 1511
1304
1305 953
1306 1535 1836 2380
1307 1452
1308 1612 1719
1309
1310 37
1311
1312 99 2107
1313 1733
1314 1074
1315
1316 160
1317
1318 1949
1319
1320
1321 1051
1322 1244 1102
1323 578
1324 4 1579
1325
1326 1445
1327 1744 1322
1328 1002
1329
1330 1077 1965
1331
1332 439
1333
1334 2410
1335 44 442
1336 2349 38
1337
1338
1339 2094 307 1154
1340 1175
1341
1342 2066
1343 407 1982
1344
1345
1346 1168
1347
1348 1438
1349 2265 1972
1350 1239
1351 5
1352
1353 3 423
1354 72
1355 2299 1042 1987
1356
1357 1912 2101 1976
1358 1526 405 2146 1574
1359
1360 1370
1361 1755
1362 1228 1892
1363
1364 262
1365 1009
1366
1367
1368
1369 755
1370 2354
1371 1597
1372
1373 328 1672
1374 892
1375
1376 1619
1377 1636
1378 532 268 850
1379
1380 1091
1381 1187 1309
1382 903 1948
1383 1274
1384 1751 1422
1385 1549 675
1386 1917
1387 1718 1981
1388
1389 750 2496
1390 751
1391 2486
1392 956
1393 1928 2137
1394 1637 1323
1395 1023 1604
1396
1397
1398 359
1399 1977 415 1043
1400 490
1401 2007
1402 1922 2033 2477 1019
1403
1404
1405
1406
1407 1553
1408
1409
1410 172 878 605
1411
1412 1828
1413 767 290 971
1414 868 2019
1415
1416
1417 1741 2131
1418 508
1419 1865
1420 2020
1421 656
1422 1599
1423 507
1424 908
1425 86 1835
1426 1231 1694 1985
1427
1428 408 1752
1429
1430 961 2448
1431 1762
1432 1492 2140
1433
1434 1591
1435
1436
1437 1689 1194
1438
1439
1440
1441 2104 314 523
1442 747
1443
1444 1340 1294
1445 2384
1446
1447 2128
1448
1449 185 969 1153
1450
1451
1452 870
1453 2196 470 649
1454
1455
1456
1457 1971
1458
1459 1473 1871
1460 687 562 1124
1461 1807 2207
1462
1463 1015
1464 367 1269 553 943
1465
1466 1867 1609 1623 1886
1467 1887
1468 1116
1469
1470
1471 207
1472
1473
1474 1342 352 911
1475
1476 1577
1477 1128
1478 2195 579 2287 2432
1479
1480
1481 618
1482 2494
1483 1020 1512
1484
1485 970
1486
1487
1488 1038 2241
1489
1490 2059 1253
1491 2160
1492 1121
1493 1951
1494
1495
1496 556 566 774 2345
1497 1933
1498 1327 1774 1555
1499
1500
1501 1902 2164
1502 2414 883 1416
1503 1275 815
1504
1505
1506 1818
1507 289
1508
1509 429 1004 2178
1510 795 1279
1511
1512
1513 1337
1514 1011
1515
1516 2444
1517
1518 2408
1519 331
1520 843
1521 1697
1522
1523 189
1524 830 2372
1525
1526 1310 1161
1527 1463
1528
1529
1530 515 1563 2044
1531 2047
1532 1801
1533 734 2136
1534 398 1255 1993
1535 107 2236
1536 89 213
1537
1538 236 259
1539 904 877
1540 573 232
1541 2373
1542 2489 263 782
1543 261 665 1663
1544 390
1545 526 1236
1546
1547
1548
1549 1394 804 1952 2309
1550
1551 1904
1552
1553
1554
1555
1556
1557
1558
1559
1560 1232 601
1561 2385
1562 1144 361
1563 548
1564 1646
1565 1140
1566
1567 150 1333
1568
1569 2334
1570 1766
1571 1749
1572 1413
1573 837 2304 592
1574 2022
1575 1406 2074
1576
1577 2470
1578 728
1579
1580
1581
1582
1583 30
1584 1267 1839 1196
1585
1586
1587 248 1112
1588
1589 2012
1590 1315 2150
1591 1080
1592 1106
1593 1059 2295
1594 1761
1595 279
1596
1597
1598
1599
1600 1921 1967 1554
1601
1602
1603 269 1305 1787
1604
1605
1606
1607
1608 1065
1609 1831
1610 1025
1611 885 199 986
1612 79 255 1392
1613 339
1614 1696
1615
1616 454
1617 564 458
1618
1619 1850
1620
1621 464
1622 825 1567 1423
1623
1624 1363
1625
1626 169
1627 783 1205 2127
1628 723 2360
1629 477
1630 828
1631 2301
1632 1141
1633
1634 1295 1203 1702
1635 901
1636 1341
1637 1856 1498 1740
1638
1639 1523
1640 2006
1641 636 1990
1642 1382 1095 765
1643 1299
1644 2481
1645 549 1262 1863
1646 1432 1454
1647 1385 49
1648 141
1649 1626
1650 50 202 519
1651
1652 2126
1653 1346
1654 845
1655 504
1656 416
1657 1066
1658 225 2116
1659 59
1660
1661 2145 1338
1662
1663
1664 1089
1665
1666
1667
1668
1669
1670 153 1558
1671 133 1975
1672 2487
1673
1674 1430
1675
1676 159
1677
1678 714 938 1455
1679
1680
1681
1682 267 116
1683
1684
1685 524 1195 1345
1686
1687
1688
1689 224 2405
1690 1715 786 1935
1691
1692 810
1693 1208
1694 963
1695 800
1696 1052
1697 2320 920
1698
1699 1915
1700 855
1701
1702
1703 2224
1704 1171
1705 299 1431
1706
1707 639
1708 1953
1709 2096 2350
1710 319
1711
1712
1713
1714 1877 148 1356
1715 1758 1641
1716
1717
1718 68 987
1719
1720 951
1721
1722 88 898 1245
1723 2276
1724
1725 1806 1334 1396
1726 993
1727
1728
1729 337 1872
1730
1731 1212 1470
1732
1733 460
1734 13 517 816
1735 55 1880 1060
1736 130 1594
1737
1738
1739
1740 738 2052
1741 544 881
1742 2229
1743 1616
1744 538 1358
1745
1746
1747
1748 1629
1749 787
1750 761 2279
1751 1909
1752 2395 2340
1753
1754
1755 1000
1756
1757 2243 1756
1758 724
1759 1398 1055
1760
1761 1795 856
1762
1763 1125
1764 1678 1408
1765 2472
1766
1767
1768
1769 2037
1770
1771 1357
1772 497
1773
1774 1254 2024
1775 1094 383
1776
1777
1778
1779
1780 161 295 1350
1781 906
1782 1499
1783 1383
1784 457
1785 790 1782 2237 2308
1786 2130
1787
1788 1714
1789 629 1434
1790 284
1791
1792
1793
1794 799
1795 93
1796 67
1797 2173
1798 1670
1799
1800
1801
1802
1803
1804 1544
1805 1848
1806 735 355
1807
1808 1826
1809
1810
1811 1414
1812 40 187 1261
1813
1814 910 1197
1815 384 1384
1816 31 1377 2062
1817 1772 1355
1818 893
1819 650 2346 2355
1820 1466 310
1821 1665
1822 1819 1731 2383
1823
1824
1825 625 729 1643
1826 220
1827 980
1828 1962
1829 880
1830
1831 1783 2469
1832
1833
1834
1835 664
1836 2227
1837
1838
1839 1180
1840 1189 1809
1841 667
1842
1843 2293
1844
1845 501 1496
1846 2459 1113 1034 1995 2080
1847 1007 366 780
1848
1849 257
1850 476
1851 1209 2377
1852 428
1853 2358 1395
1854 273 941
1855 1251
1856 1876
1857 772
1858 1945
1859 399
1860 368 1469 2172
1861 1944
1862 208 2424 1250
1863
1864 647 1379
1865 2390
1866
1867 1627
1868 358
1869
1870 1568
1871
1872 1129 527 1891
1873 1932 1446 1683
1874
1875 530
1876 2475 221
1877 1998
1878
1879 1500
1880 389 821
1881
1882
1883 582
1884 1460
1885
1886
1887 832
1888
1889
1890 2439
1891
1892 2223 2212
1893 1773
1894 630
1895 2123
1896 7 940 1375
1897 769 2158
1898 1165
1899
1900 1522
1901 321
1902 1185 1359 1482
1903
1904
1905
1906
1907 1474 1875
1908
1909 1313
1910 1845
1911 502 679 829
1912 702 2183
1913 2114
1914
1915 537 539
1916
1917
1918 64
1919 2363
1920
1921 2057 1654
1922 473 1079 1100
1923 749 1986
1924 1163
1925 39 1675
1926 2264
1927 146 2292
1928 395
1929 247
1930 1118
1931 703 1117
1932 575 643 2182
1933 357 472 1389 571
1934 1319 2337
1935
1936 57
1937
1938 1497
1939 595
1940
1941 2216
1942 1820 1146
1943 474
1944 313 1407
1945
1946 278
1947 1821
1948 1421
1949 1673
1950 1617
1951 1919
1952
1953
1954 1078 2165
1955 2027
1956 1732
1957 1206 1799
1958 2333 1411
1959
1960 1098 1669
1961 554 2280 1648 2352 1768 1779
1962 1638
1963
1964
1965
1966 733 397 814
1967 2471
1968
1969 598
1970 1006
1971 118
1972
1973 215 1233
1974 695 1105 2197
1975 275 1686
1976 1834
1977 35
1978 1999
1979 1525
1980
1981
1982 652
1983
1984
1985
1986
1987
1988
1989
1990
1991
1992 1417
1993
1994
1995
1996 406
1997 2433 1676 163 1582
1998 644
1999 138 651
2000 2456
2001
2002
2003 1666
2004 2153 1064
2005 1997 2435
2006 1920 2154
2007
2008
2009 2054
2010 1017
2011
2012 2190
2013 1812
2014 1721
2015 171 2040
2016 112
2017 282 414 2270
2018 2328
2019 364 999 1173
2020 866 949 2171
2021
2022
2023
2024
2025 450
2026 1853 433 2093
2027
2028
2029
2030 657 1053
2031 362
2032 1242 1110
2033 235
2034 162 351
2035
2036 228 717
2037 2422 2113
2038 152
2039 253 1476
2040
2041
2042 386 947 306 2428
2043 2251 2077
2044
2045 2098 884
2046 1429
2047 1882
2048 482 1049 1304
2049 379 2202
2050
2051 2482
2052
2053 621 1277
2054
2055
2056 543
2057 270 2097
2058
2059 77
2060
2061 2138
2062
2063 197 706 2429
2064 2415
2065 45
2066 1391 1183 1879
2067 2446 1587 2177
2068
2069 1369 1661 1086 1263 1893
2070 22 2392
2071 2378
2072 976
2073 585
2074
2075 937
2076 779
2077 1900 2369 2431
2078 853 430
2079
2080
2081 2453 129
2082 203
2083
2084 250
2085 9
2086 238 1372
2087 797
2088 1439
2089 1249
2090 276
2091 6
2092 1003
2093 848 2252
2094 1621 1681
2095
2096 198 1562
2097
2098 1864
2099
2100
2101 378
2102
2103 216 1838
2104 2032 444 418
2105 1088 2221 2466
2106 167 1703
2107 176
2108 1521 699 1266 2245
2109 887
2110 241 1656
2111 285 1504
2112
2113 889 1073
2114 633
2115 2419
2116
2117
2118 1785
2119 638 309 678
2120
2121 341
2122 109 435
2123
2124
2125
2126 1246
2127
2128 1927 466
2129 2134
2130 391 673 2335
2131
2132
2133 622
2134 1895
2135 680 2220 1588
2136 697
2137 535
2138 329
2139
2140
2141
2142 97
2143 798
2144 1063 1624 1830
2145 589
2146 791
2147
2148 76
2149 587
2150
2151
2152 10
2153 494 156 981 2268 1800
2154 2079
2155
2156
2157 1471 1901 2051
2158
2159
2160
2161 71
2162
2163 1750 491
2164 1776
2165
2166
2167 2149
2168
2169 431
2170 2451
2171
2172 2286
2173
2174 1754
2175
2176 2231
2177
2178
2179
2180
2181
2182
2183 2326 720 2272
2184 1930 2225
2185 1517
2186 1918
2187 1190
2188 322 959
2189
2190 1961 773
2191 452 660
2192
2193 1272
2194 1788 151 1127
2195 56 1386
2196 297 833
2197
2198 1339
2199 1859 1159
2200
2201 316
2202
2203
2204 1483 1813
2205
2206 272 988
2207
2208 1979
2209 392
2210 1347
2211 459
2212 419
2213 741
2214
2215 1583 1652
2216 21 2003
2217
2218 1897
2219
2220 1775 422
2221 1449 602
2222 1857 1601
2223 1260 2461
2224 2155 2312
2225 1736 1913
2226 572 1908
2227 522 237
2228
2229 1329
2230 1537
2231
2232
2233
2234
2235
2236
2237 1618
2238 707
2239 1486
2240
2241
2242 421 939
2243 766
2244 1551
2245
2246
2247 891
2248
2249 121 370
2250 396
2251 1010 513
2252 2000
2253 69 689 967
2254 85 1784
2255 1840
2256
2257 2100
2258
2259 2329
2260
2261 2058
2262 627
2263 557 305
2264
2265 1164
2266 1485
2267
2268 2297 2041
2269 1420
2270
2271
2272
2273 2367
2274 1573 2393
2275 126
2276
2277 1898
2278 1071 2366
2279 2409 2242 1713 2443
2280 17 1150 1980
2281 2282
2282 1151
2283
2284 2262
2285
2286
2287 913
2288 536 1695
2289 1041
2290
2291 2254 1841
2292
2293 2319
2294
2295
2296 1271
2297 1234
2298 157 377 229
2299 520
2300 635 317
2301
2302 43
2303 1
2304 1335 1684
2305 1780 2447
2306 669
2307
2308
2309
2310 2161 181 170 465
2311 1610
2312
2313 990
2314 771 1200
2315
2316 1502 1959
2317 1035
2318
2319 923 1923 2400
2320 909
2321 1966 964
2322 1440
2323 1532
2324 1193
2325
2326 2391 546 563
2327
2328 952
2329 455 1934 2336
2330 188 1614 1548
2331
2332
2333 663 487 1974
2334
2335 521
2336
2337
2338
2339
2340
2341
2342
2343 52 1936 1058
2344 792
2345
2346
2347 731
2348 1156 542
2349 619
2350
2351 899
2352 438 1480
2353 345
2354 1490
2355
2356 8
2357
2358 1478
2359 591 864
2360
2361 1738
2362
2363
2364 2310
2365
2366 1598
2367
2368 1296
2369 1585
2370 1297
2371 2296 1600 863 1994
2372 1226
2373 1162
2374 376
2375 2018
2376 242
2377 1849 1227
2378 1481
2379 2441
2380 1188
2381
2382 2084 1243 2450
2383
2384
2385 823
2386
2387
2388 2193
2389
2390
2391 47 1639
2392 373
2393
2394 1457
2395 1257
2396
2397 897
2398 559 654
2399
2400 928
2401 2056 1664
2402
2403 427
2404 2430
2405
2406 201
2407 604 2275
2408
2409 124 1265 1984
2410
2411 1687
2412 1191 2438
2413 1270
2414 87
2415 1943
2416 356 1397
2417 1143
2418 1155
2419 1324 2485 436 931
2420
2421 1704
2422 149 1748 303 744 2370
2423 1569
2424 802
2425
2426 2063 1050
2427 518 2016
2428
2429
2430
2431
2432
2433 2065 672
2434 2238 2399
2435
2436
2437 1021 1494
2438 1320
2439
2440 594
2441 2144
2442
2443 2083
2444
2445
2446 1030
2447
2448
2449
2450
2451 1137
2452 1742
2453 1032 234 2322
2454 623
2455
2456 934 2203
2457
2458 1107
2459 948 2311
2460 611 1760
2461
2462 48 485
2463 1090
2464 674 15 54
2465 122 2088
2466
2467 318 921
2468 27 2348
2469
2470
2471 659
2472 2119 492
2473 1467
2474 334 123 1087
2475 300
2476 1166 1026
2477 304
2478
2479
2480 632 1894
2481 785
2482
2483 1081 954
2484 858 998 1177
2485 222 401
2486 298 2313 2294
2487
2488
2489 784
2490
2491
2492
2493 2464
2494
2495 955
2496
2497
2498 1016 1380
2499 789
