#/n/fs/ragr-research/projects/fastppm-data/bin/simulate.py --mutations 100 --samples 3 --coverage 1000 --seed 15 --output sim
# GMT Sun Oct 13 15:00:03 2024
# 
0 86 51
1 74 96
2 24
3
4
5
6 54
7
8
9
10 50
11
12 82
13 31
14 32
15 40 89
16
17 55
18 98
19 66 34
20
21
22
23 59
24
25 21 60
26 83
27
28 22 35
29
30
31 12 11
32
33 19 5
34 93 15 78
35
36 33
37 6 8
38 18 29
39
40 25
41 14
42 58
43 27
44 10
45 62 69
46 44
47 97
48 88 76 92
49
50
51
52 3
53 99
54 48 87
55
56 45
57
58 70 71 85
59 16 67
60 81
61 94 20
62 37 23 49
63 17 26
64 30
65
66 1
67
68 47 73
69
70 13 75
71
72 39
73 63 91
74 41
75 68
76 53
77
78 84 90
79 56 9
80
81
82 79 46
83
84 80
85
86 95 42
87
88 52
89
90
91 72
92
93 61 43 65 77
94 2 38 57
95 36 28
96
97 4
98 7 64
99
