#/Users/schmidt73/Desktop/fastppm-data/bin/simulate.py --mutations 100 --samples 3 --coverage 30 --seed 6 --output sim
# GMT Fri Sep 13 14:24:17 2024
# 
0 85 17
1
2
3
4 77
5 12 14 51
6 88
7
8 74
9 84
10 53
11
12 68 63
13 86
14 20
15 64
16
17
18 94
19 6 46 90
20 58 73
21 4
22
23
24 15
25 22
26 70
27
28 8 23
29 96
30 35
31 57
32 67
33 54
34
35 89
36
37 33
38 37
39 40 93
40
41 45
42
43 3
44 13 16
45 26 34
46
47 60
48 59
49
50 19
51
52 75 61
53 76 42
54 1 44 41
55
56
57 47
58 65
59
60
61
62 98 87
63 43 29
64
65 31
66
67 62
68 32
69 18
70
71
72 55 79
73
74
75 91
76 50
77 81 24
78 48
79
80 69 83
81 97 72
82 11 78 99
83
84 25
85 5 21
86 10 9 27
87 52 56
88 30
89 28 82
90
91 39
92
93
94
95 66 71 92
96
97 2 7 80
98 38 36 95
99 49
