#/n/fs/ragr-research/projects/fastppm-data/bin/simulate.py --mutations 1000 --samples 3 --coverage 100 --seed 15 --output sim
# GMT Sun Oct 13 15:01:37 2024
# 
0 906 5
1
2 892
3 153
4 194 881
5
6
7 306
8
9
10 442
11 925
12 173 860 996
13 3
14 296
15 83
16
17
18 14 360
19 427 279 589
20
21 910
22 579 789
23 78 231
24
25 940 747
26
27
28 447
29
30 822
31
32 176
33
34
35 776 512
36 873
37 411
38
39
40
41
42 738
43 874
44
45 837 37
46
47 34 317
48 902 41
49
50 823
51 561
52 939 205
53 930
54 696
55 164 786
56 118 563 155 657 695
57
58 26
59
60 626
61 96
62 84
63 233 689 868
64
65 847
66 923
67 414
68
69 234
70
71 383 813
72
73 389
74 861 32 124
75
76
77 564
78
79 707 510
80
81 581
82 93
83
84
85 767 367
86
87
88 262 185 665
89 339
90
91 530
92 347 311
93 941
94 547
95 605 555
96 437
97 680
98 764
99
100 621
101 514
102 479
103
104 175
105 36 192 379
106 53 997
107
108
109
110
111 369 319 968
112 640
113
114 643 793
115
116 770
117 683 970
118 89 27
119
120
121 572 587
122
123 732
124 807
125
126 13 978 536
127 650 562 985 819
128 357 375
129 465 99 393
130
131 857
132
133 136
134
135 300 751
136 636
137 354
138 702
139
140 686 855
141
142 808 171
143 236
144 586
145 197 794 922
146
147
148 800 49
149 68 845
150 965
151
152 681 439
153 16
154 151 865
155 582
156 677 433 952
157
158
159 421
160 998
161 526
162 104 395 516
163 609
164
165 525
166 114 76
167
168 942
169 496
170
171
172
173
174
175 232
176 79 113 616
177
178
179
180
181 969
182
183 487
184 676
185 349 471
186 774 779
187
188 699 92 963
189
190 795
191
192
193 60
194 497 844
195 701
196
197
198 169 858
199
200 127 856
201 394
202
203 542
204 775
205 299
206
207 961 724
208 714
209 69 617
210
211 493
212 927 834 419
213
214
215 938 56 331 666
216 318
217
218 623
219 223
220 77 627 814
221 462 47 258 130
222 403
223
224
225
226 59 324
227
228 915
229 440 222
230
231 490
232 492
233 851
234
235 989 438
236
237
238
239 328 243
240
241 358 754
242 105
243 12 455
244 660
245
246
247 550
248 63 983
249 333 788 575
250 342 615
251 142 818 250
252
253 644
254
255
256 170
257
258 401 139
259
260 932
261 574
262 9
263 216
264 213
265
266 877
267
268 494
269 117
270
271 241
272
273 835
274 102
275 263 143
276 458
277
278 883 87
279
280 200 749
281
282 604
283 684
284 618 533
285 452 477 64
286 313
287 960
288 181
289
290
291 219 647
292
293 301
294 377
295 370 864
296
297 557 521
298
299 259
300 166 272 385
301 98
302 548
303 326
304
305 534
306 10
307
308 320
309
310 898
311 245
312
313 895
314 887
315 288
316 866 697
317 828 417
318 805 862
319 162
320 598 973
321
322
323
324 456 429
325 926
326 460
327 160 443
328 112
329 480 863
330 435
331 304
332 90
333 100
334 974
335
336
337
338 406
339 946
340 528
341 80
342 260
343
344
345
346
347 247
348
349 811
350 266
351 150
352
353 224
354
355 735 196
356
357 522
358 759
359
360
361 144
362
363
364 912 637 710 543
365 315
366 335
367
368
369 790
370 371
371 66
372
373 72
374
375
376
377 120
378 384
379
380 457
381
382 267
383
384
385
386
387
388
389
390
391 567
392 289
393
394
395 750
396
397 481 832
398
399 321 601
400
401 55
402 28
403 519
404
405
406 509
407 721 984
408
409 690
410 397 840 400
411 606
412 559 651
413 115 182
414 472 628 206
415 111 485
416
417
418
419
420 444 734 75
421 81
422 593
423 797
424 748
425 207 450
426 261
427 727
428 52 988
429
430 168 979
431
432 635
433 174
434
435 706 449 653
436 201 290 852
437
438
439
440 571
441 796
442
443
444 338 875
445 116
446 596
447 904
448
449
450 947
451
452 24
453 364 882 277
454 669 804 540
455
456 391
457 265
458
459 685 508
460
461 284 422
462 126
463
464
465 731 909
466 161 249 802 524
467 97
468 121
469 890 235
470 850 82
471
472 91 193 663
473 44 238 340
474 753
475 688
476
477 870
478 933
479 86 434
480
481 976 785 673 899
482
483
484 678
485 157
486
487
488
489 198
490 398
491 817
492
493 591
494 739 294 281 520 981
495
496 951
497 454 538
498
499
500 672 278
501 662
502
503 230 931
504
505
506
507 344
508 517
509 212
510 226 179
511 310 544
512
513
514
515 504
516
517 991
518 757
519 71
520 602
521 704 374 833
522 316
523
524
525 921
526 722
527 995
528
529
530 461
531 418
532
533 656
534 242 541
535 85 755
536 303 809
537 611 990 824
538
539 35
540
541 271
542 285
543
544
545
546
547 202 446
548 691
549
550 630
551 966
552 199
553 518 736
554 682 255 679
555
556
557 18 15 392
558 620 911 363 919 934
559 511 293
560 539 332
561 580 467 498
562 156 327
563 723
564 608
565 614
566 187
567
568 758
569 584 209 980
570
571 6 645 46
572
573 215 180 816
574 381
575 352
576 474 821
577 967
578 760
579
580 203
581
582 982
583
584 58
585 257
586 478 841
587
588
589 424
590
591 453 323
592 248
593
594 768
595 183 629
596 709
597 365 622
598
599 670
600 924
601
602
603
604
605 489
606 829
607
608
609 186
610
611 773
612 322
613 451
614 693
615
616
617 146
618 560 476
619 107
620 473
621
622
623 341
624 578 730
625 641
626 545
627 307
628 896 513
629 761 765 282 577 610
630 558
631
632 953 529
633
634 783 531
635 929
636 42 654
637 95 849
638 565
639 297 468 134
640 743 466 366
641 711 244
642
643 907
644 74 38
645 23 404
646 141
647
648
649 302 376 527
650 551
651
652 959 549 958
653
654 962
655 188
656 826 125 871
657 362
658 499 949
659 889
660
661
662 131
663 149 905
664 138 624
665
666
667 894
668
669 469 373 217
670 792
671 917
672 253 916
673
674 762
675 172
676
677 70 386 491
678 211
679
680 314
681 122
682 886
683 716 859
684 830 741 264 612
685 728
686 639
687 67
688
689 836 838
690 692
691
692
693 1 920
694 470
695 712
696
697
698
699 135 999 189
700 535 103
701
702
703
704 353
705
706 595
707 11
708 402 336
709
710 51 430
711 17 431
712
713 661
714 274
715
716 275
717 784 43 378
718 88
719
720 576 943
721 463
722 937 825
723 812 178 515
724
725 158
726
727 132
728 405
729
730
731 744
732
733 603 769
734 251 21 977 343 872 853
735 295
736
737
738 815
739 133
740
741 436
742 19 798
743 842
744 8
745 954
746 229 506
747 145 359
748
749 486
750 382
751 708
752 445 888
753 717 756 556
754
755 355 649 900
756 94 658 787
757
758
759
760 388 893
761 432
762 908 329 600
763 109
764
765 820
766
767 280
768
769
770 204
771
772 585 854
773 45 25 464
774 720 309 780
775 632 346 944
776 305 483
777 867 674
778 501 416
779
780
781 409
782
783 420 129
784 638
785 396 803
786
787 505
788 287 971
789
790 876 831
791
792
793 240
794 667
795 488
796
797
798 799 190 356 590 957
799 425
800 128
801
802 987
803 891
804 184 570
805 537
806
807 503
808 918
809 715
810 725 659 806
811 839
812 50 214 225
813 523
814 583 880
815 412 566
816
817
818 950 827
819 642
820 254
821
822
823 914
824
825
826 54
827 897
828 552
829 675
830 484
831 726
832 39 810
833
834 159
835 7
836 147 227
837 694
838 167
839
840 292
841
842 746 986
843
844 220
845
846
847 546
848 330 782
849
850 239
851 361
852 698
853
854
855
856 368
857
858
859 901 945
860
861 655
862
863
864
865
866 31
867 208 772
868 380
869 57
870 62
871
872 607
873 48 459
874 993
875 408 733 771
876 992 532
877
878 752 884
879 625
880
881 252 348
882 664 441
883 415 956 928 594
884
885 256
886 848
887
888
889 270
890 140 101 195 475
891
892 33 154 291 766
893
894
895
896 935
897 426
898 634 592 972
899
900
901 228 553
902 500 964
903
904 700
905
906 687 482
907 955
908 936 568
909 569 29
910 599
911 554
912 273 20
913
914 334
915 108
916 671
917 137
918 106
919 448 903
920 152
921 763
922
923
924
925 778 781 975
926
927 573 777
928 246 613
929 652 740
930 718 869
931 237
932 713
933 218
934
935 177
936 619
937 40
938 2 350 390
939 742 719
940 283
941
942
943 878
944
945 507
946 221 276
947 648
948
949 994
950 30 73 372
951 879 399
952 337
953 298
954 495 502
955 163 165
956 4
957
958
959 210
960 123 791 913
961 148 597 407
962 61
963
964 413
965
966 65
967
968
969 387
970 345
971
972 646
973
974 843
975
976 269 633 801
977 885 737
978 410 119
979 703
980
981
982
983
984
985 308 312
986 286
987 191
988 729
989 325
990 22 588 948
991 423
992 268 745 846
993
994 631
995
996
997 668
998 110 351 705
999 428
