#/Users/schmidt73/Desktop/fastppm-data/bin/simulate.py --mutations 500 --samples 3 --coverage 30 --seed 1 --output sim
# GMT Fri Sep 13 14:24:32 2024
# 
0 167
1 234
2 367 64 112
3 120 494
4 227 335
5 383
6 131
7 93 264
8
9 31
10 309
11 141
12 271
13
14
15 282 56
16 450
17 350
18 317
19
20 462
21 143 475
22 458
23 155
24 128
25
26 69 144 164
27
28 119 366 55 217
29
30 53
31
32 170
33
34 107 17
35 45
36 20 427 455
37 216
38
39
40 412
41 357 403 258
42 289
43 442
44 157
45 92
46
47
48
49
50 32
51 75
52 485 46
53 12 57
54 327
55
56 201
57
58 172 302
59 384 139
60
61 448
62
63
64 63 414 408
65 315
66 184
67 122
68 418
69
70
71 269
72 16
73 312 237
74 21
75 473 426
76 470
77
78 183
79 83 440 457
80 100 345
81 259 416
82
83 7 76
84 334 471
85 160
86
87 162
88 389
89 314 446
90
91
92 275
93 135
94
95 395
96 451
97 437
98 166
99 479
100
101 354
102 241
103 11 297
104 336 197
105 307 409
106 1
107 179 2 218
108 419
109 204
110 401 213
111 329 273
112 301
113 74
114 359 256
115
116
117 486 91 187 288
118 272 321 399
119 58 238
120
121
122 482
123 417
124 9 226
125 382
126
127 498
128 60 159
129
130
131 125
132
133 286
134
135
136 188
137 397
138
139
140 424
141
142
143
144
145 3 209
146
147
148 360 341 244 284
149
150 78
151 86
152 161
153
154 491
155 223
156
157 30 26 443
158 198
159 295
160 247 87
161 356
162 423
163
164 380 469
165 323 250
166
167 369 242
168 38 134
169 224
170
171
172 235
173 151
174
175 257 132
176
177
178 260 438 339
179 51
180 14
181
182 29
183
184 203 80 98
185 429
186 40 225 253
187
188 96 396
189
190
191 129
192 379
193
194 276 117
195
196 44 263
197 459
198
199 346
200 477
201 115
202 186
203 37 152
204
205 484
206 146
207 371
208
209 388 279
210
211 385
212 452
213 351
214 319
215 270 90 431
216
217 232
218 156
219 363
220 405
221 82 320 478
222 337
223
224 300 206
225 347
226 249
227 285
228 254 342
229 171
230 42 268
231
232 404
233
234 111 163 492 499
235 114
236 148
237
238 110 205
239 158
240
241
242
243 180
244 352 394
245
246 364
247 178
248 85 332
249 474
250
251
252
253 488
254
255 23 104
256 185 433
257 202 439
258
259 328 39
260 322 62
261 390
262 50 467
263 192 333
264
265
266
267 19
268 251
269 261 349
270 150
271
272 252
273
274 72
275 490
276 145 127
277
278 230 411 445 425
279
280 325 199
281 59
282 278
283 420 116
284
285 298 406 460
286
287 299 487 376
288
289 196
290 89 246
291 70
292 330
293 71 102
294 415
295
296 262
297 265 355
298 61
299 103 165 221 344
300 18 348
301 94 142 421
302
303
304 281 195 496
305
306 54 495
307 489
308
309 466
310
311
312 255 291 88
313 318
314
315 277
316 181 240 461 483
317 436
318 35
319
320
321
322 434
323 27 168
324 274 222 231
325 124
326
327
328 393
329 194 36 68 308
330 248 6
331 340
332
333 402
334 137
335
336 173 362
337 372 422
338 430
339
340 130
341 136 331
342 358
343 480 4 290 361 193
344 228
345
346
347
348
349 441
350
351
352
353
354 52
355
356 220
357 306
358
359 463 177 310
360 386 324
361 118
362 99
363
364
365
366 22
367 81 175 444
368 34 305
369 292 236
370 154
371
372 67
373 176
374
375
376
377
378
379
380
381
382 24
383 280
384 456
385 123
386 15 391 311
387
388 465
389
390 126
391 219 387
392 48
393 313
394
395 43
396
397
398 65
399
400
401 73 266
402
403 215 449
404
405 212 326 338
406 464
407
408
409
410 239
411 95 191 377 378
412 287 200 245
413
414 147
415
416
417 13 296
418
419
420 472
421 373 190
422 407
423
424 109
425
426 153
427 113
428 432
429 447
430
431
432 5 267
433
434 453 66 149
435
436
437 428
438 476 208
439 304
440 182
441 189
442 410
443 174
444
445 413
446
447
448
449
450 25
451
452
453 343 79
454 283 84 108
455 398
456 454 493
457 303
458 207 375 468
459
460
461
462
463 8 370
464
465 316
466 106 77 105
467
468
469 381
470 229
471
472 49
473 10
474 101
475 435
476 211 353 481
477 33 214
478
479 140
480 368 243
481
482 392 400
483
484 47
485 169
486 28
487 138 294
488
489 210
490 97 133 233
491 121 365
492
493
494 497
495 293
496 374
497
498 41
499
