#/Users/schmidt73/Desktop/fastppm-data/bin/simulate.py --mutations 1000 --samples 3 --coverage 30 --seed 13 --output sim
# GMT Fri Sep 13 14:25:44 2024
# 
0 155 373 882
1 483
2 581 440
3 195 255
4 825 340 800
5
6
7 38 693 265
8 457 580
9 552
10
11 650
12
13
14
15
16 779 833
17 185 270
18 661
19
20 715 874
21 860
22 981
23 247
24
25 43 784 463
26 430 681
27 695 110
28 112 287
29 576 850
30 791
31 77 568
32 184
33 469 514
34 451 704
35 449
36
37 843
38
39 732 526 992
40 672
41 567
42 977
43
44 163
45
46 828
47 303
48 90
49 432
50
51
52 403 673
53 296
54
55 59 481
56 816
57 250 689 548
58 742
59 749
60 264 204 804
61
62 75
63 721
64 940 140 553
65 305
66
67
68
69 958
70 776
71 131 437
72
73 811
74 143
75
76 572 911
77
78 633 798
79
80 559
81 962 450
82
83 668
84 225
85 233 685
86 807
87
88
89 790 332 835
90 767
91 109
92 396
93 789
94 609
95
96 468
97
98 660 600
99 166 778
100 29 341
101
102 507
103 663
104
105 351
106 63 924 279
107 349 758
108
109 17
110 574 926
111 99
112 856
113
114
115 409
116
117
118 497 993 500 532
119 269 838 256 622
120 22 979
121
122
123 528
124 571 898 897
125 883 764
126
127
128 356
129 390 634
130 696 922
131
132
133
134
135
136
137 443
138 391 334
139
140 137
141 647
142
143 160 821
144
145 842
146 231
147
148 554
149 858
150 901
151
152 410 78
153 331
154
155 815 271
156
157
158
159
160 174
161 423 330
162
163
164
165
166 328
167
168
169 348
170 963
171 156
172
173
174
175 631
176 465 848
177 58 237
178 864
179
180 60 520 635
181 521
182
183 630
184 80
185 150
186
187
188 218
189 260 525
190 192
191
192 217
193
194 855 716
195
196
197
198 705 624
199
200 145
201
202 438
203 9
204 614
205 621 965 364 637
206 377 535 846
207
208 703
209
210 510
211
212 25
213 527
214
215 223
216 335 326
217 54 598 683 978
218 397
219 628
220 8 202
221 424 719 839
222
223 190
224 478
225
226 345 752
227 690 934
228
229
230 555
231
232 620 916
233
234 701 771
235 570
236 509
237
238
239
240
241 11
242 938
243 394
244 537
245 404 177 84
246
247
248 782
249 489
250 36 230
251 365 472
252 172 518
253 179 235
254 31 795 282 745
255 346
256 45 242 995
257
258 2 626 228
259 533
260
261 276
262
263 244 170
264 743 39 976
265
266 220 741
267
268
269 896
270
271 320
272
273 198
274
275 383
276 216 158 456
277 47
278 461 96
279
280
281
282 105
283 523 942 61
284 774
285 515
286
287
288 564 959
289 119
290 491
291
292 859
293 272 329
294
295
296 219 441 731
297
298
299
300 40 51
301
302
303 875
304 757
305
306 273
307
308
309
310
311 556 819 765 878
312 317
313 973
314
315 801 108 733
316
317 770 55 538 638
318 214
319
320 95 274
321
322 813 135
323 496 460
324 711
325 803
326
327 367 286 541
328
329
330 229 415 740
331 149
332 573
333 369
334 659
335 124
336 867
337
338 636 161
339 361
340 949 840 777
341 847 162 547
342 178
343 625 786
344 406 431 754
345 205 623
346
347
348 699
349
350
351 895
352
353 151
354 141 810
355 121
356 116
357 912 814
358 312
359 474 210
360 420
361 954
362 522
363
364
365 319
366
367 736
368
369 641
370
371
372
373
374
375 785
376 990
377 86 929 675 730
378 863
379
380
381 772 970
382 378
383 713
384
385 26
386 761
387 263 944
388 14 482
389 674 444
390 894 462
391 529 226
392 516 865 822
393
394 49 408
395
396 323
397
398 189
399 419
400 787
401
402
403
404 651 294
405 252
406 562
407
408 531 590
409 542
410 485
411
412 253 182
413 585 268
414 402 594
415 240
416
417 427
418 248
419 1 907
420 118 385 927
421 363
422 861
423 258
424 97
425 687 802
426 966
427
428
429 44 85
430
431
432 759
433 545
434
435 16 627
436 951 15
437
438 10
439
440
441
442
443
444 333 980
445
446
447
448 923 337
449 292
450 470
451 753 201 657
452 392 123
453
454 293 946
455
456
457
458
459
460 551
461 877 113
462
463
464 68 890
465 893 243 700
466 24 417
467
468
469 57 62 224
470
471 199
472
473 824
474 616 906
475 502
476 857
477 665 902
478
479 358 28 344 643
480 913
481
482 799
483 66
484 50
485 937 277
486
487 984
488 550
489
490
491
492 662
493 387 18
494
495 648 267
496 717
497 284 888 499
498
499
500 352
501 999
502
503 152 307 557
504
505
506 806
507 209 486 986
508 658 720
509 670
510 91
511 996
512 539 928
513 710 191 434
514 301
515 577
516 130 454
517
518 512
519 336
520 569 203 343
521 563
522
523 646 215
524
525 506 985
526
527
528 773 400
529 19 207
530
531 221 165
532
533 176 322 691
534 134 249
535 442
536
537 639
538 426 831
539 919 458 561
540
541 817
542
543
544 355 186 505
545 92
546 173
547 222 852
548
549 411
550 546
551 587
552 591
553
554
555
556 101
557 597
558 832
559 384 459
560 726 975
561
562 601
563 88 422 613
564 866 262
565 540
566 718 395
567
568 446
569 493
570 316 504
571
572 325
573 128
574 375 498
575
576 142 654
577 433
578 350
579 399 611
580
581 72 566 318 565
582
583 436
584 476
585 583 575
586 213
587
588
589
590
591 23
592 6 238 347 768
593
594
595 194
596
597
598
599 915
600
601 766
602
603
604 357 589
605
606
607 360 154
608 972 780 953
609 308 511
610
611 738 87
612 380
613
614 746
615
616 595 475
617
618 558 175
619 56 755
620
621 153
622 125
623
624
625
626 881 93 126
627 826
628 139
629
630
631 891 873 471
632 73
633 997 760
634 775 917
635 300 886 836
636 259 517
637
638 899
639 46 544
640
641
642 245 632
643
644
645
646 982 309 914
647 147
648 306 536
649 181 386
650 872
651 64 955
652
653 171
654 495 490
655 275 302
656 362
657 382
658
659 67 930
660 729 994
661
662 127 805
663 30
664 910 998
665 677
666 503 724 656
667 678
668
669 964
670 969
671 849 239
672 327
673 549
674 290
675 211 734
676
677 412 682
678
679 584 809
680 3 887
681
682
683
684 313
685
686
687 281
688
689 132 447
690
691 27 618
692
693 187
694
695 212 879 578
696 21 376
697 371
698 484
699
700
701 783 353
702 845
703
704
705 524
706 936
707 960 501
708 747
709 283
710 188 298
711 246
712
713
714 304 676 854
715 168
716
717 193 227
718 649 291
719
720
721 793 324 374 989
722 645
723 748
724 197
725 797
726 519 889
727 117 257 692
728
729 464
730
731
732 234 102
733 606
734
735
736 76 492
737
738 4 241
739 680
740
741 947 310
742
743 42 315
744 12 418 697 428
745
746 610
747 853
748 851
749 83 655
750 820
751 180 808
752
753 653
754
755 111 425 530
756 727
757 129 642 909
758 931
759
760 159 381
761
762
763
764
765
766 593
767 452 107 837
768 582
769
770 707 53 750
771
772 508
773 487
774 908 261 445
775 466
776 206
777
778 987
779
780
781 136 664
782 892 167 706
783 956 788 933
784 844
785
786
787
788
789
790 971 694
791 905
792 728
793 157 453
794 763
795 82
796 146
797 379
798 827
799 869
800 608
801 289 714 868 792
802 339 841
803 439 968
804
805
806
807
808 991 295 983
809 183 722
810
811
812 5 34
813 818 354
814 644
815 948
816 414
817
818 739 388 138
819 401
820
821
822 543
823
824 671
825 278 796
826 372 455
827
828 7
829
830 421
831 941
832 104
833
834
835 200
836
837
838 435 862
839
840 370
841
842 534
843 70
844 416
845
846 870
847 285
848 513 407
849 148
850 389
851
852
853 393
854
855 607 904 133 781
856 94 830
857 169
858
859 640
860 560
861 114 769
862
863
864 35
865 74
866 20 688 823
867 744
868 473
869 974
870
871
872
873 405
874
875 652
876 122
877 903
878
879 103
880
881 120
882 884
883 251
884 725 596
885 299
886 297
887 71
888 679 708 702
889 950
890
891 144
892 164
893 479 918
894 666
895
896 945 429 494 943
897
898 588
899
900
901 115
902
903 254 952
904 65
905 834
906
907 480 69 712
908 751 756
909
910 603
911
912 280 794
913 98 925
914
915 368 667
916 686
917 41
918 236 604
919 684
920
921
922 920
923 314
924 477 617 939
925
926
927 100 762
928
929 196
930 735
931
932 488
933
934
935
936
937 48 885
938 366 669
939
940 52
941
942 81 599
943
944 89 876 629
945 812
946 967
947 208
948 359 988 467 602
949 932
950
951 338 32
952
953
954 957
955
956 342
957 615
958
959
960 709
961
962 33 605
963 13
964
965 448 723
966 106
967
968
969
970
971 619
972 586
973 398
974 79
975
976
977 413 900
978
979 935
980 737
981 612
982 579
983 921
984 37
985
986
987
988 321
989
990
991 232
992 871 961
993 592
994 880
995
996 829
997 698 311
998
999 266 288
