#/n/fs/ragr-research/projects/fastppm-data/bin/simulate.py --mutations 100 --samples 3 --coverage 1000 --seed 4 --output sim
# GMT Sun Oct 13 15:00:03 2024
# 
0 62
1 23 30
2
3 43
4
5
6 77 78
7
8 79 66
9
10 95
11
12 46
13 65 40 52 98
14
15
16 34
17
18 74
19
20
21
22 96 57 85
23
24 7
25 49
26
27
28 29 15 71
29 18 2 84
30
31 41
32 68
33
34
35
36 5
37 50 76 31
38 83 39
39
40
41 88
42 28
43
44
45
46 86
47
48 16 99
49 91
50 13 3
51
52
53 55
54 22
55
56
57
58
59 53
60
61
62 82 87 21 47
63 36 12
64
65 94 32
66 20
67 56
68 92 25
69 81
70 61
71
72
73 70
74 37 45
75 48 44
76 93
77 63
78 9 11 17
79 6
80 90
81 67
82 80 97 69 72
83 54
84 35
85
86
87 75 64
88 14
89 4 51 59
90 42
91 58 60
92 10
93 38 27
94 1 8
95 73
96 24 33
97 89 19
98
99 26
