#/Users/schmidt73/Desktop/fastppm-data/bin/simulate.py --mutations 1000 --samples 3 --coverage 1000 --seed 20 --output sim
# GMT Fri Sep 13 14:27:22 2024
# 
0 893
1
2
3
4
5
6 795 379 447
7 513
8 66 659
9 325 256
10 923 840
11 395
12 946 45 125
13 956
14
15 897
16 743
17
18 95 563
19
20 639
21
22 82 664
23 381 110 124 929
24
25 504
26 472
27 502 752
28
29 584
30 534
31 231 343
32 154
33
34 188
35 471 460
36
37 462 481
38
39 358 295 792 525 926 994
40 321
41 536 207 565 888
42
43 423 999 746 688
44 84
45
46
47 402 683
48 53
49 818
50
51 741
52 681
53 660
54 519 948
55 198 286 717
56 77 441
57 479
58 533
59 425 745
60 637
61
62 90 881
63 344
64 986
65 775
66 438 854
67 427
68 250
69 802
70 20
71 657
72 112 599
73
74
75 408
76 89
77 508
78 634
79 961
80 943
81 173
82 701
83 992 47
84 540
85 363 821
86 147
87 200 439
88
89 607
90 182
91
92 882 805
93
94
95
96
97
98
99 101 232 768
100 618
101
102 713
103
104
105 243
106 747 362 728
107 810
108 913
109 180 369
110
111 60 185
112 625
113 561 614
114 152
115 87 174 378
116 941 751
117 704
118 17 686 972
119
120 850
121
122 895
123
124
125
126 24 993
127
128 422 870
129
130
131 65
132 175
133 314
134 322
135 930
136 244
137
138 537
139
140
141
142
143
144 407 507
145 206
146
147 347
148 62 781
149
150 816
151 735
152
153
154 966
155
156 394 843
157 49 443
158 868
159
160
161
162 104
163
164 46 641
165
166 223 326
167 261 984
168
169
170
171 685 679
172 118 541
173
174
175
176 630 436
177 370
178 903 313 400 967
179 213 653
180
181 248
182 622 725 784
183 987
184 963 662
185
186 951 671 464 592 708
187 859 828
188
189
190
191 589
192
193
194 780
195 573
196 279
197
198 774 272
199
200 516 892 357
201 484
202 224 63 316 770
203 933
204 636
205 184 654
206
207 404 505
208 857
209
210 197
211 356 560
212 136 294
213
214 341 921
215 240 333 682
216 228 595 217
217 687 661
218
219 16
220 129 813 706
221
222
223 150 189 275
224 916 757
225 193
226
227
228 15 277
229 148
230
231 804
232
233
234 922
235 6 588 364
236 73
237
238 873
239 282
240 229
241
242 237
243 120
244 898
245 52 550
246 763 749 891
247
248 227 482 844
249 419
250
251 710 57 417
252
253 345
254 376 629
255 210 950
256 123 156
257
258
259 640
260
261
262 79
263 581 12 991 543 703
264
265 245 92 658
266
267 251
268 299 771
269
270 833
271
272 303
273
274 242
275 538
276 838 266
277
278 459
279
280 1
281
282 720
283
284 59 350
285 779 397 126 259 421
286
287
288
289 385
290 44
291 371
292 7 218
293 863
294 169
295 236 135 221 269
296 111 549
297 43 522
298 183
299 748 10 246
300
301 783
302 847
303
304
305 298 952
306 546
307 755 199
308 787
309 642
310
311
312
313 529
314 580
315
316
317
318
319
320 960 203
321 324 597
322 576 579 803
323 113
324 352
325 26 226
326
327
328 467
329
330 668 944
331
332 133
333
334 646 696
335 906 809
336 894
337 503
338
339 54 348 327 647
340 297 429
341
342
343
344 114 936
345 131 583
346
347 365 632
348 273
349
350
351 871
352
353 33 884 695
354 176 91 487
355 523
356 172 628
357
358 558
359 293
360
361 825 915
362 416
363 470 830
364 665
365 288
366 433 927 754
367 965
368
369 222 758
370 320
371 700
372 390
373 355
374 586
375 981
376
377 557
378
379
380
381 451 418 117 270
382 11
383 100
384 4 106 194 721
385
386 431
387 542
388 220
389
390 157
391
392 726
393
394
395 569 727
396 794
397 711 445
398 796
399 791
400 307
401
402 535 551
403
404 121 167
405
406 702 143 942
407 51 475 621
408
409
410 879
411
412
413
414
415 567
416
417
418 670
419
420 103
421
422 689
423 216 477
424 736
425 32
426 836
427 730
428 235
429 61
430 296
431
432 594
433 514
434 512 351
435 731
436 50 744
437 241 874
438
439
440 712
441
442 841
443
444
445
446 144 974 456 318
447
448 215 918
449
450
451 263
452 977 346
453 98 396
454
455 500
456 225 521
457
458 680
459 368 590
460 287
461 280
462 70 663
463 202 311 391
464 140
465
466
467 910 506
468 319
469 208
470
471 958
472
473
474 271
475 511
476
477
478 924 848
479
480 214
481 253
482
483 41
484 672
485
486
487 602 885
488
489
490 989
491 290
492 562
493
494
495 690 914
496 552
497 205 938
498
499 426
500
501 896
502 463
503
504
505
506 420
507
508
509
510
511
512 334
513 71 377
514 204 623
515
516 323 179
517
518 31
519 5
520 168
521
522
523
524 570
525 603
526
527 480 901
528 432
529 354
530 862 39 310
531 737
532 37 209
533
534
535 141 970
536 392 909
537 631
538
539 384 766
540
541 940
542
543 28 56
544 196
545 739 424
546 317
547
548
549 170
550 983
551
552
553 677
554 410 520
555
556 309
557
558 265
559
560
561 332 430
562 764
563 274
564 790
565
566 577 488
567
568
569 826 517 678
570 264
571
572
573
574 675 211
575
576
577 998
578 518
579
580 876
581 276 684 945
582
583
584 453
585 707
586
587
588 452 931
589
590
591 247 405
592 920
593 149
594
595 973
596
597 674
598
599 81
600 615
601
602
603
604
605 473 762 869 904
606 669
607
608 620
609
610 13 300 489
611 756
612
613 340
614
615
616
617
618 21 773
619
620
621
622 705 440
623
624 27 255
625 613 25
626
627 971
628 315
629
630 115 122 699
631 797 342 414
632
633
634
635
636 765
637 814
638
639
640 455
641
642 38
643 851 649 980 692 917
644 760
645
646
647 465
648 301
649 9 190
650 448 86 812
651 578 899 953
652 107 306
653
654 566
655
656 437 330
657 694
658 925
659
660
661
662 48 515
663
664
665
666 80
667 819 949 955 698
668
669
670 996 468
671 539
672 412 605
673 585 817
674
675 691
676 380
677 740 68 823
678
679 58 742
680
681 837
682 693
683
684
685 116 786 908
686 88
687 772
688
689 75 195
690 723 258 403
691 495 187 575
692
693
694
695 366
696
697 361 442
698
699
700 554
701 254
702 483 93 769
703 281
704 808
705 861
706
707 957 393
708
709 604
710 372
711 406 886 612
712 337
713 501
714 446
715 411
716 889
717 485
718 733
719 454
720
721 626
722 759
723 291 267
724
725 76 985
726 785
727
728
729
730 907 990
731
732 428 919
733
734 718
735 568
736 30 40
737
738 99
739 627
740 284 260
741
742 336 582
743 373 807
744
745 249 598
746 212
747 398 55
748 875 292 610
749
750 146
751 96 192
752 239
753 181
754
755 83
756 545 305
757 191
758 234 252 360
759 820
760 510
761 166
762
763 498 638
764 494
765 409
766 947
767 834
768 524 415 493
769
770
771 832
772 389
773
774 761
775
776
777 8 778
778 822
779 611 29
780 887
781
782 547 852
783 162 119
784
785 22
786 815 724
787 572
788
789 645
790
791 262
792 331
793 902
794
795 738
796 842 865
797 982 596
798 283
799 777 134
800
801 979
802 845 145 878
803
804 995
805
806 509
807
808 962 413
809 132 434
810
811 2 339
812
813 165
814 767 806
815 36 976
816 831
817 890 954
818
819 163
820 574
821
822 496
823
824
825 72
826 964
827
828
829 312
830
831
832 105
833
834 866
835 359 571
836 268 855 849
837
838 811 257
839
840 486
841
842 532 935
843 617
844 492
845 109 900
846
847 676
848
849 975
850
851 186
852
853
854 608
855 161 609 619
856 450
857
858
859 278 349
860 801 829
861 643 491 750 469 860
862 353 544
863 164
864 219 302
865 939
866 435 633
867 650
868 928
869 853
870
871 457 716
872
873 97 151
874
875 285 937 34 444 800
876 799 85 616
877
878
879 499
880
881 624
882 593 635
883
884 35 329
885
886 238 139
887
888
889 883
890 527
891 858
892 328
893 722
894 375
895
896 753
897 308
898 177 856
899 559
900 968
901 997 782
902 719
903 867 153 655
904 872
905
906 130 715
907 367
908 335 137
909 78 449
910 651
911 289 476
912 108
913 67 988
914 490
915
916 969 478
917
918 644
919 667
920
921
922
923 23 530 714
924 846
925
926
927 528 601
928
929
930 656
931
932 556 666 159 877
933
934 3
935
936
937 138 69
938
939
940 959
941 864
942
943
944
945
946 382 127
947
948 835 230
949 201
950
951 461 14 94
952 709
953 600
954
955 606 905
956
957 383
958 399 74 160
959
960 388 374
961 64 304
962 18 142 526
963 178
964 648
965
966 789
967
968
969 732 42
970
971 497 793 466
972 734 827
973 553 102 548
974 652 798
975 564
976 587
977 19 932 128 386
978
979 233
980 338 824
981
982 673 591
983 387
984
985 158 911 788
986
987 776
988 555 880
989 401
990 531 729
991 171
992 697 474
993
994
995
996 934 839
997 458
998 155
999 912 978
