#/Users/schmidt73/Desktop/fastppm-data/bin/simulate.py --mutations 2500 --samples 3 --coverage 100 --seed 4 --output sim
# GMT Fri Sep 13 14:34:23 2024
# 
0 1754 962
1 1340
2 2073
3
4 883
5 349
6 426 1291 1904
7 209 493
8
9 1710 897
10 91
11 254 1606
12
13
14
15 2009 1228 2052
16
17 683 734
18
19 359 1361
20 1129 1765
21 360 849
22 1113
23 1572
24
25 3
26 2032
27 596 2222 1858 1074
28 691 1460
29
30 2234
31
32 647
33 578
34 1938
35 966
36 523 674
37 1299 2208
38
39 1430 1133
40
41 1873
42 575
43 119
44 975
45
46 128
47 123
48 1939
49 195 1865 970
50 1774
51 226 131 2034
52
53
54 1522 2015
55 1704
56 2447
57 2385 2431
58
59 1018
60 231 790
61 2186 1670
62 258
63
64 719
65 758 1667
66 1374 1615 887
67 737
68 1899
69 2171
70 290
71 1308
72
73
74 425
75
76 2036 888 1043
77
78
79 1214 2058
80 1225
81 1081
82 113 160
83
84 1170
85
86 366
87
88 2304
89
90 978
91
92 945
93 1029 1283
94
95 1469 341
96 2449 622 2153
97 281
98 1618
99
100 2423 1860 2387
101
102
103 1787
104
105
106
107 2364
108 1876
109 1482
110 384 2082
111 56
112 971 1457
113
114 2313 1390 1456
115 154
116 269 2260 2217
117
118 2080 18
119
120 1347
121 841
122
123
124 28 2372 1942
125
126 650
127 2043 1948 1235
128 429
129
130 586
131 1311 1651
132
133 130 601
134 2157 1443
135
136
137
138 2259
139
140
141 339
142 1184
143
144 29
145
146 156
147 2354 1708
148
149 136 1109
150 1194
151
152 1809 1304
153
154 1404
155 82
156 1480 636
157 285
158 1857
159 1561
160 2075 2493
161
162 942
163
164 1050
165
166 2050 1367
167
168
169 986
170 282
171 234
172 1429
173 2482
174
175
176 732
177
178 1376
179 845
180
181 2156
182 2072
183 2299 1922
184
185
186 77 1910
187 828
188 27 387
189 822
190 1444
191 1470 2420
192 6
193
194
195 1502
196
197 2472
198 1914
199 1287
200 1257 1542
201 1547
202 375
203 58
204 333 2463
205
206 2060
207 646
208
209 1398
210
211 1648
212
213
214 789
215 1834
216 2005 496
217 1139
218
219 388
220 335 479
221
222 177
223 1012
224 344
225
226 2257
227
228
229 7 2126
230 1564
231 1645 1831 2008
232
233 481
234
235
236
237
238 420
239 1379
240 2133
241 1458 1497
242 1874 47 1365
243 2
244 1988
245
246
247
248
249 774
250 1971
251
252 1647
253
254 1477 537
255 1761
256 1438 2295 2491
257 440 497 1161
258
259
260
261
262
263
264 1231 1237 696 2316
265 1534 1776
266 1130
267
268
269 50
270 820
271 2225
272 1200 599
273
274
275 172
276
277 288 1583
278 55 1812 1706 2401
279
280
281
282 984
283 686
284 1673
285 470 1973
286 1780
287 2239
288 838
289 73
290
291
292 522
293 2342 1274
294 11 542
295
296 436
297 1571
298
299
300
301 2400
302
303 2228
304 2086
305 12 1909 999
306 1763
307 890
308 1658 844
309 1305
310
311 875 2452
312 1499
313 26 1010
314
315 589
316
317
318 2393
319 644 267 751 2053
320 1441
321 538 2297
322 408 1518
323 1090 1636
324 663 1396
325 380 1159
326
327 33
328
329 1475 1269 1087
330
331 262 2471
332
333
334 2305
335
336 346
337
338
339 109 1739
340
341 415 2453
342 334 92 829
343
344
345 1242
346 2470
347
348
349 1575
350 1949
351 642 1810
352
353 2011
354 2492
355 981 1551 1781
356
357
358 2264 1424
359 694
360
361
362 476
363
364 783
365 1884 725 2229
366
367
368 2468 1350 1721 2328
369 786
370 428
371
372 2044 1591 660
373
374 794 991 1919
375 1002 911 1782
376 392
377 2253
378
379 1903
380 632 2283
381 718
382 505 1911
383 364 2284
384
385 740
386 382 2185 1576
387 127 69 854
388 676
389
390 144
391 2498
392
393
394
395
396 730
397 961
398 2338 1691
399 1420
400 1975 1666 1676
401
402
403
404 2262
405 2079 699
406 467
407 239 1558
408 291
409
410
411 2121 1049 1732
412 529 1747
413 562 1160
414 1249
415 1146
416
417
418
419
420
421 469 1924
422
423 34 1099
424
425
426 2240
427
428 850
429
430 1108 540
431 220
432 1529
433 118 355 2315 1401
434
435 108
436 2215
437 2277 1846
438 273 1925
439
440 982
441 463 1652
442
443 2180
444 1872 2169
445
446
447 57
448 2040
449 348 1998 2019
450
451
452 735 1293 2377
453
454 167
455 1100
456 1524
457 302 1895 1027
458 1030
459 1960 950 2267
460 1966 2105
461 2090
462
463 2049 1791
464 1671
465 2450 1753
466
467
468 1794
469 2496 251
470
471
472
473 582
474
475
476 1177
477 80 1072 1886
478
479 1655
480 489
481
482 2017
483 655 323
484
485 811 1894
486 2176
487 1434
488
489
490 1699
491 1186
492 2443 689 1060 2007
493 1394
494 357
495
496 1589 2031
497 1819
498 452
499 261
500 484
501
502 1870
503 52 512
504
505 243
506
507
508 191
509 38 804
510 1156
511 1209
512
513 2375
514
515
516
517
518 1640
519 917 1279
520 141 821
521 1268 1271 2205
522 2078
523
524 931 338
525
526
527 212
528 807 1486
529
530
531 297
532 2165
533
534
535 2135
536 1806
537 1125 373
538
539
540 1598
541 2199
542
543
544 2158
545 1999
546 1431
547 2223 894 1335
548 824 1035
549 846
550 483
551 1946
552 1505
553 1600
554
555 513 1503
556 2030 146 1916
557 2227 507 1749
558 1284 1644 672 1506
559
560
561 549 1967 2142
562 1856
563
564 1296
565
566 1013 756
567 21
568 1989
569 1863
570
571 2221
572 2037
573
574 806
575 748
576 266
577
578
579
580 256
581 500 2269 946
582 556
583
584 2323
585
586 1245
587
588 637
589 1888
590
591 633 2067
592
593 1295
594 617
595 987
596 765 714 2012
597
598
599 1854
600 2410
601 2140 2487
602 305 2446
603
604
605
606 67 164 1713 952 1612 2490
607 724
608
609
610 1371
611
612
613 1418
614 1836
615 1175 1148 2312
616
617 412
618 1893
619 1553 1410
620
621
622 2291
623 2085 2148
624
625
626 1993 2047
627 2107
628 223
629 1885
630 524
631 163
632 1463
633 433 228
634 96 125 142
635
636
637 2360
638 544
639 749
640 1436 2059
641 884 1617
642
643 157 475
644 736 1056
645
646
647 324
648
649 919 1437
650
651
652 400 1901 1629
653
654
655 464 1397
656 1623
657 664
658
659 1511 2438
660 571
661
662
663 1382 1969 1804
664 2418 1026
665
666 1377 1238
667 2474
668
669 161
670
671 2424 318
672 1003
673 657 46 176
674
675 2164 168
676
677 1808
678
679 8 2136 2436
680
681
682
683 1559
684 1678 300
685 2461
686 2159
687
688 225 528
689
690 553 169
691 1520
692 612 2226
693 2237 2369
694
695
696
697 933
698
699 2392
700 1984
701 1682
702 1663
703 94
704 274
705 555 2193 1825
706
707 908
708
709
710 998 2179
711 2307
712
713 301 1628 1614
714 1017 1227
715 1006 1714
716
717 511
718 477 1329 995
719 1055
720 2189
721
722 1745
723
724 2039
725 645
726
727 2203
728 2074 1220
729 275 1400 954
730
731 1868
732 940
733 180
734
735 1097
736 1172 1703
737
738 1260
739
740 76
741
742 802 2288
743 1897
744 1500 1425
745 2397
746 847 635
747 903
748 405
749 2448 2273
750 757 1630 2018
751 2000
752
753 1900
754
755
756 424 2137
757 1075
758
759
760 358
761 1795
762
763
764 1247 1694
765 377
766
767 99 1339
768 801
769
770 746 1588
771 1079 399 2409 1190
772
773
774 2350 2248
775
776 2238
777
778
779 49
780 1285 2249
781
782 310
783
784 198 2206 1372 1785
785 539
786 2326
787 2127
788
789 1735 2098
790 1802
791
792 2129 175
793 39 224
794 1607 438 1212
795 246
796
797 1281
798 1769 994 1001
799 959 561 89 1772
800
801
802
803
804 2439
805 2114
806 1883
807 345
808 1528 2220
809
810 1370
811
812 1403 1741
813 43 837
814
815 800 1207
816
817 367
818 1597
819 347 2454
820 577
821 132
822
823 899
824
825 1711
826 1203
827 2389
828 1746
829 2167
830 879 1728
831 70 1292 1354
832 465 968 1982 1690
833 1223 1422
834 2145
835 1930
836 640 520 1491
837 712
838 767 370 1633 2177
839 304
840
841
842 1847
843
844 1752
845
846 889 576 1221
847 61 1426 2066
848
849 2412
850 1064 403 1840 1136
851 929
852 2119
853 1201
854 2048
855 97 2327
856 1639
857 1178
858 294 253
859 1619
860 1036 1165
861
862 65 303 441
863 1402 104
864
865
866 703
867
868 1737
869 2320
870 1674 2329
871 374
872 1905
873 1570 1717
874
875 48 406
876 812
877 795
878 710 1627
879 2413 1533
880 2243
881 1198
882
883
884 491
885 2182
886 86 726
887 416 1839
888
889 24 2097
890 1875 390
891
892
893 1008 1140
894
895
896
897
898
899
900
901 1496 1084
902 1832
903
904 912 2071
905 1727 839 2272
906 1324
907
908 2091 973
909 1997 218 2194
910 1662
911
912 1428
913
914 729 1124
915 458 1536
916 499 351 1373 1890
917
918 504 1537
919
920 1353 892
921 1126
922
923 750 1580 2061
924 60 1310
925 249
926
927 1204
928 147
929
930
931 148 1822
932 949 1483
933
934 579 2016
935 74 2334
936
937 895 985
938
939 1726
940 2191
941 447
942 78 1167 2405
943 5 1445
944 1974 727
945
946
947 1417
948
949
950 245
951 2214
952 1488 1519
953 1783
954 1039
955 2469
956 791
957 1348 521 813
958
959 1259
960
961
962
963 1261
964
965 778 1953
966
967 135 1356 1947
968 155 450
969 278
970
971 1241 1188
972 103
973
974 2347
975 594 1474
976 1758
977
978 779
979 337 992
980
981 1363
982 1380 207 2478 1256
983 1078
984 1163
985
986 2367
987 548 2330
988
989 140
990 2150 2070 1756
991
992 1816
993
994 926
995 1059
996
997 1793
998
999 595 1032
1000 588 326
1001
1002 461 627
1003
1004 1107
1005
1006 2195 1286
1007
1008
1009
1010 1034
1011 2403
1012
1013 1599
1014 817
1015
1016 1319
1017 152 910 626 1230
1018
1019 711 193 2456
1020 559
1021 106 853
1022
1023 1454 743 1395 2003
1024 432 515
1025 1789
1026 570 2384
1027
1028 2353
1029 15 1818 2408 1264
1030
1031 1742
1032 815
1033 361
1034 233
1035 834
1036 1301 1069 1955
1037 165
1038 1289
1039 932
1040 1980 1990
1041
1042 1913
1043
1044 872 923 2415
1045 257 1182
1046 547
1047 183
1048 938 1921 2414
1049
1050
1051 1611
1052
1053
1054 488 1862
1055 2425 1788
1056 615
1057 2366
1058 2433
1059 1385
1060
1061 963 1407
1062 611
1063 760
1064 184
1065 1829
1066 1467 868
1067
1068 336
1069 865
1070
1071 914
1072 102 1014 2175
1073 1312
1074
1075 1707
1076
1077
1078
1079 1045 706 922 1359
1080 551 816
1081 859
1082
1083 1672
1084 1280
1085
1086 1421 1202
1087
1088
1089 1538
1090
1091 1053
1092 2383 1554
1093
1094
1095 44
1096 2258
1097 394
1098
1099 702
1100 1941
1101 1276
1102 1076 1154
1103 1341
1104
1105 81
1106 546
1107
1108 435
1109
1110
1111 1047 105 2275
1112 722 930 1593
1113 213
1114
1115 238
1116
1117 2233
1118 832
1119 951 1224
1120
1121 1622
1122 4 1104
1123
1124 111 1601
1125 205
1126 1316
1127 110 1902 609
1128
1129 158
1130 1983
1131 356
1132
1133
1134 941 614
1135
1136
1137 2459
1138
1139
1140
1141 9 1333 1805
1142 250 480
1143 2230
1144
1145 2301 2274
1146 1859
1147 2318
1148
1149 1462
1150
1151 1088
1152
1153 777
1154
1155 1646 738
1156
1157 272 833
1158 1543 59
1159 510
1160
1161 533 1653
1162 1042
1163
1164
1165
1166
1167
1168 2013
1169
1170 1120
1171 1022
1172 2197 1266
1173 1531 439
1174
1175 793 2331
1176 1254 1024
1177 1963
1178 535 1987
1179
1180 2434
1181 1000 423 826 1736
1182 2204
1183 1320 603
1184
1185 2038 378
1186 1440 442
1187 1057
1188 979
1189
1190 449 2146 1498
1191 145 2462
1192 2101
1193 1229
1194 1730 1898
1195 129 1879
1196
1197 2337
1198
1199
1200 2081 1790
1201 1695 661
1202
1203
1204
1205 276 1748
1206
1207
1208
1209
1210 1155
1211
1212
1213
1214 2336 1882
1215 1684
1216 1786 396
1217
1218
1219 2200
1220 2379
1221
1222 2302 607
1223
1224 782 731
1225 1552
1226 602 2041
1227 527
1228 1255 809
1229
1230
1231 623
1232 369
1233 2115
1234 1265
1235
1236
1237 2359 393
1238 1546
1239 459 2076 2023
1240
1241 886 379 1327
1242
1243 840
1244 1151
1245
1246 2289 688
1247 313
1248
1249
1250 2125
1251 780
1252 842
1253 1996
1254 201 1740
1255 451 1604
1256
1257 769
1258
1259 1725 1792
1260
1261
1262
1263
1264 1679
1265 1336 1025
1266 1945
1267 1114
1268 1833 235 1811
1269 1413 1314
1270
1271
1272
1273
1274
1275
1276
1277 277
1278
1279
1280
1281 434
1282 1115
1283 797 2024
1284 1405
1285 1797
1286
1287
1288
1289 151 376
1290
1291 1054
1292 1548
1293
1294
1295 2231
1296 372
1297 1892
1298 543
1299 1539
1300
1301 1718 437
1302 1880 1176 1171
1303 1940 514
1304 2270 2363
1305 1478 948 1778
1306
1307 2035
1308
1309 1689
1310 1459
1311
1312
1313
1314 861
1315 1048 1979
1316
1317 825 1077 2241
1318 2184
1319 197
1320 1384 1290
1321
1322 2123
1323 2467 322 776
1324 1915
1325 1095
1326
1327 721
1328
1329 937
1330 573
1331
1332 713 2256
1333 921 1734
1334 10 1828
1335
1336 473 2242 2430
1337
1338
1339 2263 2373
1340
1341 1929
1342
1343 944 1976 2188
1344 1071 31 1484 2293
1345
1346 166 143
1347 781
1348 1532
1349 1091
1350 1068
1351
1352 976
1353 558 799 775 867
1354
1355 785
1356 457 2266 1843
1357 1654 456
1358
1359
1360 818 1007 1926
1361 1827
1362 1685
1363 1427
1364
1365
1366
1367 1321
1368 1668
1369
1370
1371
1372
1373
1374 2340 1435
1375
1376
1377 37 877
1378 192
1379 1141 1368
1380 909 1824
1381 739
1382 631
1383 1495 1573 1117 1297
1384 1181 1814 1306
1385
1386
1387
1388
1389
1390 1722
1391
1392 296 462 1586
1393 1164 1702
1394
1395
1396 1391 2100
1397 1635
1398 343
1399
1400 598
1401 1386
1402 997 1659 1759
1403 389
1404 215
1405 1493
1406 1692
1407
1408
1409 54 2174
1410
1411 2095
1412 557
1413 1968 902 2427
1414
1415 2245 1821
1416
1417 391
1418
1419
1420 969
1421 675
1422
1423
1424
1425 761
1426
1427 214
1428 1501 331
1429 1705 2068
1430 1325 2117
1431
1432
1433 159 2388
1434
1435 2348
1436 42 1328
1437 1331
1438 1657
1439 1 1240
1440 720
1441 863
1442
1443 397
1444 1490 1128
1445
1446 1303 1243 2014 2483
1447
1448 1206
1449 1851
1450 1439 2419 639 1977
1451 1686 893
1452
1453 2319
1454 325 1461
1455 401 534
1456
1457 352
1458 229
1459
1460 1275 2499
1461 490 653
1462
1463 1344
1464 690
1465 1650
1466 1932
1467 407 1211
1468
1469 45
1470
1471
1472 1009 1132 2192
1473
1474
1475 232 2368
1476 1866 2250
1477 1771 1063 1852
1478 90 798
1479 565
1480 2055
1481 1555
1482
1483
1484 2219
1485
1486 1342
1487 1556
1488 316 670
1489 905 1393
1490 643
1491 227
1492 597
1493 957 1020
1494
1495 1222 1697 629
1496 1051 1093
1497 422 1943
1498
1499 2130
1500 666 881
1501 2455 36 1067
1502
1503
1504
1505
1506 1567 1991 2054
1507
1508 733
1509
1510 2020
1511 1889
1512
1513 2382 704
1514 100 2089 585
1515 2416 1358
1516 98 1770
1517 1208
1518
1519 404
1520
1521 453 2178
1522 2187 187
1523
1524 2112 1131
1525 1337
1526
1527
1528 53
1529 810
1530 2497
1531 430 1631
1532 1446 1455 1729
1533
1534 2435 174
1535 870 1011 1288
1536
1537
1538 541
1539
1540
1541
1542 1820
1543 2154 1680 1028
1544 66 1796
1545
1546 84
1547
1548
1549 485
1550 1610
1551
1552
1553 1044 1574
1554 1052
1555 219
1556 1693
1557 1205
1558
1559 1096
1560 1046
1561
1562 311
1563 1803 210
1564 665 1487
1565 1112
1566 2386 1683
1567
1568 1185
1569 216
1570 2380 1733 2106
1571
1572 1569 478
1573 2321 1660
1574
1575 1514
1576 2190
1577 2287
1578
1579
1580 993 1144
1581
1582 1800
1583 501 2345
1584 2361
1585 1864
1586 1605
1587
1588 309
1589
1590 2376
1591 943
1592 454 2396
1593 1476
1594
1595
1596 2339 332 472
1597
1598
1599 2128 692
1600 2303 299
1601
1602
1603 1958
1604
1605
1606
1607 263
1608 1134 843 2168
1609 79 419 2311
1610
1611 1799
1612
1613
1614
1615 2160 35
1616 770 707 2280
1617 293
1618
1619 2216 2488 1927 1123
1620 284 417 474
1621 1978 1906
1622 41 2481 531
1623 759 1213
1624
1625
1626 1197 1326 2210
1627 1083 1624
1628 443
1629
1630
1631
1632 1541 2484
1633 1656
1634
1635 967 362 525 1388
1636
1637 1080
1638 236
1639 386
1640 241 1540
1641
1642 2276
1643 1492
1644 320
1645 19 880
1646 684 2422
1647 230
1648 413
1649 939 1364
1650
1651
1652
1653
1654 679
1655 1643
1656
1657 2494 2027 682
1658 1481
1659
1660 927
1661 150 891 1473
1662 1277
1663
1664 2022
1665 2152 1313 2294
1666
1667
1668 1936 851
1669 1193 1719
1670 1210 321 2444
1671 32 552
1672
1673
1674 2407 2476
1675 471
1676
1677 1162
1678 1992
1679 2457 2099
1680 138 1855
1681 330 885
1682 354 1343 2077
1683 1798
1684
1685
1686 1985 901
1687 857
1688 162 1750
1689
1690
1691 2213
1692 964
1693
1694
1695 498 1594
1696 628 1070 1579
1697 170
1698
1699
1700
1701 1282 486 1263 1442
1702
1703 2132
1704 2111
1705 312 2104
1706
1707 23 208
1708
1709 222 306
1710 200
1711 906
1712
1713 270
1714 1423
1715 1195
1716 1215
1717
1718 1066 2398
1719
1720 1315
1721 581
1722
1723 2378 955 752
1724
1725 1183
1726
1727 242
1728 2155
1729
1730 1715
1731
1732
1733 742 1527
1734
1735 114
1736
1737
1738 1698
1739
1740
1741
1742
1743 2489
1744
1745
1746 286 980 1294
1747 1411
1748
1749 2244
1750 1515 446
1751
1752
1753 1251
1754 591
1755 264
1756
1757
1758
1759
1760 455
1761 1330
1762 2282
1763 1085
1764 1937
1765 755
1766
1767
1768 1378
1769 1549
1770 1262
1771 265 1508 2235
1772
1773 68 896
1774 95 199
1775 271 1845 2371
1776 876 685
1777 1634
1778 1452
1779
1780
1781
1782
1783
1784 2460
1785
1786 411
1787 1675
1788 1907 2196 2201 2394
1789 2265
1790
1791
1792 606 1089
1793 1801 88
1794 2411
1795 112
1796 667
1797 107 1451
1798
1799
1800 287 1248
1801 2236 1464 189 1696
1802
1803 64
1804
1805
1806 1777
1807
1808
1809 2056
1810 1101
1811
1812 2421 1504
1813
1814 248
1815
1816 773 1641
1817 1357
1818 1603 329
1819
1820 1584
1821
1822 2406 1881
1823 747
1824 40
1825 898
1826
1827
1828 2046
1829
1830 1701 916 395 468 787
1831 1323 864
1832
1833 1760
1834 701 1878
1835 2183
1836
1837 421 2286
1838 1687
1839
1840 1850
1841 2362
1842 1387
1843 697
1844
1845
1846
1847
1848 1817
1849 792 1837
1850 590 651
1851 2028 2108
1852 2051
1853 1432
1854 1871 492 1278
1855
1856 745 2166 2202
1857
1858 51 1419
1859 618
1860 2355
1861 1613 2088
1862
1863 1743
1864
1865 279 1349
1866
1867
1868 1453
1869
1870
1871 190 1626 2445 1345
1872 1891 2124
1873 677 2147
1874 2057 763
1875 2475 1965
1876 414 1952
1877 182
1878
1879 593
1880 2332 1362
1881
1882 566
1883 1023 2437
1884 1142
1885
1886
1887 2103
1888 805
1889 1530
1890 2341
1891 2138
1892
1893 217 1637
1894
1895 796
1896 1494 1766
1897
1898
1899
1900 1092
1901 1632
1902 2149
1903
1904 1169 2324
1905 564 1661 252 1065
1906
1907
1908 1784 772 1896
1909 935
1910 958
1911
1912
1913
1914 1334
1915 363 1944
1916 1038
1917 554
1918 75 1106
1919
1920 2004 1849
1921
1922 1138 1959
1923 298
1924 1688 149
1925 2357
1926
1927 71 662 2279 2374
1928 1912
1929 2181
1930 2296
1931
1932
1933 630
1934 1509 2308 2232
1935
1936 928 1037 900
1937 1450 2209
1938
1939 1150
1940 1383
1941 188 2440
1942
1943 1153 874
1944
1945 1510 1751
1946 1258 1744
1947 695
1948 1346 2212
1949
1950 16
1951 13 1861
1952
1953 1041
1954 2441 788
1955
1956
1957 673 2252
1958 2173 260
1959 2069
1960 866 1187 2042
1961
1962 2254
1963 2356
1964 1233
1965 518 1838 1119
1966 1412
1967 2306
1968 237 2495 1550 2317
1969 171 427
1970 2251 1908 715 678 1318
1971 2261 1366
1972
1973 2352
1974 878
1975 2102
1976 1005 1338
1977 1360 1149 1669
1978 328
1979 1716 2292
1980 2246 2399 371
1981 2349
1982 283 1196
1983
1984
1985 133
1986 1853
1987 340
1988
1989 858 137 1332
1990 1535 2002
1991
1992 2477
1993
1994 20
1995 259
1996
1997 1950 1062
1998
1999 1920
2000
2001
2002
2003
2004 134 605
2005 671 2025
2006 1392
2007
2008
2009 2285
2010
2011 1180 616
2012
2013 1563 882
2014
2015 1267
2016
2017 1355 1935
2018
2019
2020 2224
2021
2022
2023
2024
2025 1094 2118
2026 1962 2064
2027 656
2028 517
2029 698
2030 744
2031
2032 1602
2033 728 1416
2034
2035
2036 365
2037
2038 1830
2039
2040 444 2458
2041
2042 1578
2043 808
2044 568
2045 368 1468 1869
2046 705 350
2047
2048 560
2049 179
2050 2141 487
2051 608 913
2052 1986
2053 1217
2054
2055 532
2056 327 1317 587
2057 1755 2161
2058 1807
2059 1409 1677
2060 915 1381
2061
2062
2063 211 1517 1471
2064
2065
2066
2067
2068
2069
2070 519
2071
2072
2073 2402
2074 1566 1844 2335
2075
2076 1841
2077
2078
2079 1954 1835
2080 1957 1122 835
2081 1239
2082 1307 1581
2083 693
2084 2045 545 87
2085 2428
2086 410 1934
2087
2088
2089 516 2218
2090 409 1116
2091 974
2092
2093
2094 873
2095
2096
2097
2098
2099
2100
2101 1121
2102 1877 1664
2103 2211 709
2104
2105 2084 1700
2106
2107 2322
2108
2109 1040 280 1525
2110
2111 181
2112 764
2113 1608
2114 2247
2115 936
2116 1192 848
2117
2118
2119
2120 1270 2290
2121 836 1168
2122 708
2123 2485 1923 700
2124 1964
2125
2126 687
2127
2128 418 1813
2129 1596
2130 569
2131 93 398
2132
2133
2134
2135 855 173 1073 2358
2136 244 625 2001
2137
2138 2207 117 2370
2139
2140 1595
2141 1773 1867
2142
2143
2144
2145
2146 762
2147 1236 2087
2148
2149 2343
2150 717
2151 268
2152 856 819 668
2153
2154 771
2155
2156 2271 953
2157 904 1021
2158 574 654
2159
2160 2131 247 956
2161
2162
2163
2164 1219
2165 1516
2166 1582 754
2167
2168 1523
2169
2170
2171 2325
2172
2173 1127 2268
2174
2175
2176 1102 1545
2177
2178
2179
2180
2181
2182
2183
2184 1779
2185 2151 1621
2186 30 965
2187 139 823
2188
2189 2113 1105 315
2190 292
2191 2063 669
2192
2193 115
2194 741
2195 1560 2300
2196
2197 1216 1981
2198 860
2199 723
2200 925
2201
2202
2203
2204
2205
2206 1720
2207 1562 85 1309
2208
2209 766 1414
2210
2211 196 803
2212
2213 1917 604
2214 2333 1447 1961
2215
2216 1768 1544 1082
2217
2218 583
2219 1408
2220
2221 1143
2222 1234
2223 600
2224 203
2225
2226
2227 2417
2228 1933 1415
2229
2230 1226 122
2231
2232
2233
2234 1448
2235 530
2236 1616 186
2237 1775 2093
2238
2239 1815
2240 240 1472 1757
2241 1147 1526
2242
2243
2244 1577
2245 1590
2246 1609 1351
2247 1489
2248 1521
2249 681 1649
2250 1956
2251 194 1625
2252
2253 460 1931
2254 2381
2255
2256 2466
2257 72
2258
2259 1587
2260 202 1826
2261 2033
2262 1098 1389
2263 2172
2264 1158
2265
2266 1681 2351
2267 1166
2268
2269 649
2270 1298
2271 314
2272 1565
2273
2274 62 2029 1352
2275
2276 784 1406
2277 1031 2062
2278
2279
2280 508
2281 1300
2282 307
2283 2442 1507 2309
2284 2092
2285 972 2010
2286 1369
2287
2288 2170
2289 1592
2290
2291 2480
2292
2293
2294
2295
2296 2479
2297 2144
2298
2299 619
2300
2301 924 2096
2302 638 1152
2303 503
2304 466 869
2305 862 121 1016
2306 1252
2307 2464 613
2308 1512
2309 1928
2310 989
2311
2312
2313 1709
2314
2315 996 1253
2316
2317
2318
2319 990 1449
2320
2321 1232
2322
2323
2324 1731
2325
2326
2327 2465
2328 1244
2329
2330
2331
2332 319
2333 153 295 2278
2334 1479
2335
2336 1764 1723
2337 572 852
2338 830 983 1272
2339 2346
2340 1951
2341
2342 101 716
2343 402
2344 1033
2345 526 1004
2346 1118 353
2347 448
2348 1399
2349 385 381
2350 1191
2351
2352
2353
2354 83
2355 206
2356 620
2357
2358
2359 1145 126 1823
2360 1642 2391
2361 1842
2362 1061 2110
2363
2364
2365
2366
2367
2368 934
2369
2370
2371 2255
2372 1767
2373
2374
2375 17
2376
2377 1972
2378 1762 592
2379
2380 918 2281
2381 204 2314
2382 1994
2383 2344 1135
2384 1015
2385 1019
2386 1322
2387
2388 2122 1110
2389
2390
2391 431
2392 2365
2393 2432 1179 1250
2394
2395 652 768
2396 1273
2397 947 1620 445 2139
2398 1585
2399 2310 624 1199 2390
2400
2401
2402
2403
2404
2405
2406 827
2407 2404
2408 1103
2409 1246
2410 2473
2411 610
2412 2429
2413 289 584
2414
2415
2416 185 221 2006 907
2417 1665 1466
2418 1302 2094
2419 831 1465
2420
2421 753
2422 1174
2423 63
2424 1173 1712
2425 124 634
2426 2163
2427
2428 2198 22 648
2429
2430
2431 342 2021
2432 383 2120
2433 2109
2434 178
2435 920 116
2436
2437
2438 1157
2439
2440 1848
2441 1111 2065
2442 1568
2443 506 977 2162
2444
2445 1137
2446
2447 960
2448 2134
2449 1086
2450 659 814
2451 1557 2426
2452 120 308
2453 580 536
2454 621
2455 1513
2456
2457 1189
2458
2459 1218 1724
2460 2486 1738
2461 988
2462 482
2463
2464 25
2465
2466
2467 1638 495 2298
2468 14
2469 1887 680
2470 1375
2471 502
2472
2473
2474 567
2475 641 1485
2476
2477 255 658
2478 563
2479
2480
2481 2026
2482
2483
2484
2485 1970 2451
2486 871
2487
2488 550 2083
2489 1058 509 2395 317
2490
2491
2492
2493 2143
2494 494
2495 1995
2496 1918
2497 2116
2498 1433
2499
