#/Users/schmidt73/Desktop/fastppm-data/bin/simulate.py --mutations 1000 --samples 3 --coverage 30 --seed 9 --output sim
# GMT Fri Sep 13 14:25:35 2024
# 
0 739
1
2
3 653
4 406
5 173 86 907
6 665
7
8 825
9 171
10
11
12
13 890
14 332 849
15
16
17
18
19 567
20 663
21 845
22 444 668
23
24
25 408 84
26 365 538 832
27 858
28
29
30
31
32
33
34
35
36
37 495
38 13 772
39 445
40
41 271 878
42 283
43 225
44
45 774 580 654
46 609
47 944
48 88 89 639
49
50 497
51 894
52
53 181
54 222 247
55 82 681
56 702
57 355 770
58
59 635 794
60
61 980
62
63 322 713 743
64 414
65 805
66
67 996 607
68 737
69
70 112 357 854
71
72 734
73 597 616
74
75 927
76 569 664
77 886
78 323 893
79 530
80
81
82 230 477
83 602 325
84
85 250
86 989 689
87 23
88
89
90 643
91 897
92 574 285 320 385
93 581
94
95 720
96
97
98 152
99
100 121
101
102
103
104
105 21 491
106 625
107 81 936 646 851
108 275
109 644
110 338
111
112 405 763
113
114
115 864
116 312
117
118 276 52
119 110
120 239 386
121 40 328
122 921
123 243
124 831
125 19 329
126 916
127 846
128 202
129
130 679
131 862
132
133 216 859
134 961 835
135 310
136 258
137 997
138
139
140
141
142
143 268 751
144 711
145
146 571 579
147 483
148
149 913 30
150 591
151
152 682
153 448
154 789 910
155
156
157 238
158
159
160 744 175
161 335
162 248
163 126
164
165 749
166
167 915 378
168 101
169 492 180
170
171
172 975 389 478 584
173 127 160 868
174 59
175 935
176 884
177 185 198
178
179 253 850
180
181 518
182 70
183
184 714
185 223
186 166 304
187 42 524
188 85
189 738 482
190
191
192 911
193 712
194 707
195
196
197 159
198
199
200
201 661 721
202 844
203
204
205 790 857 219 434
206 108 969
207 349 899
208 298
209 240
210 479
211 472 853
212
213 954
214 867
215 637 333
216
217
218
219
220 452
221
222 348
223
224
225
226 255 809
227 531
228 122 20
229 374
230 502 111 775 415 650
231 904 41
232 941 391
233 15 194 706
234 446
235 232
236
237 808 909
238 515 487
239
240 952 520
241 294
242 46
243 270
244
245
246
247 26
248 753
249 779 509
250
251
252 955
253
254
255 821 527
256
257 172 938 948
258 76 761
259
260
261 730 840
262 120
263
264 440 201
265
266 150
267 622
268 174 957 994
269 297 983
270 540
271
272 114
273
274 504 398
275 205 814
276 703 837
277
278
279
280 401 550
281 543 559
282 44
283 345
284 561 62 526
285
286 958 536
287 313 384
288 900 566 263
289 36
290 474
291 211
292 486 407
293 148
294
295
296 75 260
297
298
299 234 314
300
301 177
302 968
303 704
304
305 135 942
306 710
307
308
309 272
310 458
311 299
312 573
313 977
314 394 960
315 535
316 380
317 334 549
318 356
319 58 848
320
321
322 245
323
324 506
325 532
326
327
328
329 103 381
330 132 418 677
331
332 726
333
334 5
335 880
336
337
338 191 503
339 24 922
340 693
341 163 585 451 686
342
343 321 767
344
345
346 265 976
347
348 16
349 311
350
351 25 217 765
352 331
353 307
354 113 676
355 38 340
356 903
357 301
358 747
359 466
360 66 776
361
362 273 923
363
364 619 178 815
365
366
367
368
369
370 620
371 364
372 972 330
373 570 441 629 641
374 429
375 96
376
377 498 905 218
378 666
379
380
381
382
383 914 649
384 117
385
386
387 31 951 852
388 91 308 742
389 542
390 269 551
391
392
393
394
395 555
396 60 589 604
397 947
398
399 377
400 754 866
401
402 64 499
403 161
404 822
405 617
406
407
408 51
409 683
410 438 656
411 554
412 568 266
413 986 278
414 454
415
416 669 379
417 813 984 722
418
419 556
420 760
421 889 480
422 326
423 508 684
424 631 888
425 725
426
427 793
428
429
430
431 90 697
432
433 104
434 596
435
436 939
437 731
438 123 869
439 558 999
440 94
441 432
442 582
443 404 577
444 167
445
446 56
447 3
448 752 692 855
449 856 965
450
451
452 433 252
453 724 962
454 206
455 618 990
456 195
457 359 512 792
458 473 176 812
459 461 264
460 133 324
461 34
462 945 156
463 583 982
464
465 360
466
467 190 426 827
468 48
469 475 514
470
471 11
472 395
473 12 690 203 606
474
475
476 138
477 476
478 995
479
480
481
482 436
483 49
484 57 254
485
486 895 557 485
487
488 315 659 592
489 732
490
491 553
492 819
493
494 420 755 74 469
495
496
497 47
498 634 189 430
499
500
501 784
502 816 352
503
504 2 410 100 660 981
505 740
506 151 179 834
507 898
508
509
510
511
512 801
513 98 562
514 818
515 462
516 457
517
518 115 633
519 800
520
521
522 463
523
524
525 687 204
526
527 279 435
528 728
529 67 817
530
531
532 843 214
533 142 241
534
535 525 158
536 797
537
538
539 544
540 695
541 698 991
542
543 1 233 908
544 719
545 876
546 37 422
547 413
548 839
549
550 985
551 716 826
552
553
554 262
555
556 18 199
557 71
558 833
559
560 399
561 184
562 928
563
564
565 804
566 940 450 621
567
568 281
569 439 449 787 227
570 170 670 490
571 236
572 484 501
573
574 865 134
575
576 861 883
577 750
578 925 802 510
579
580 235
581 351 193
582
583 257 701
584
585 456 741
586 970 966
587
588
589 863
590 339
591 358 795
592
593
594 777 564
595 882
596
597
598 370
599 183
600 61 188 735
601 610 838
602 292
603
604 146
605
606
607 658
608 717
609 65 293 745 768 788
610 694
611 316
612 136 105 366 786
613 7 251
614
615
616 766 892
617
618 143 611
619 896 885
620 43 810
621
622 168 511
623 72
624 830 220 829
625
626 411
627
628 124 603
629 552
630 9 891
631 147 988
632 560 778 685
633
634 783
635
636 572
637 383 309 197
638
639 353 933 974
640
641
642 746 756
643
644 529 645 291
645 992 363
646
647 612 45 887
648 387
649 533 153
650
651 53 598
652
653 632 118 912 267
654 455
655
656 68 424 623
657
658 595
659 371 224 400
660 144 771
661 652
662 343
663
664 798
665 210
666
667 636 125
668
669 87
670 764 655
671 237 77
672
673
674 699
675
676
677
678 409
679 964 785 919
680 748
681 207
682 471
683 14
684
685
686
687 417 6 344
688 803
689 967
690 106 762
691
692 736 369
693 870 79
694
695 782
696 563
697 97
698 228 246 523
699
700
701
702 427 847
703 971
704
705 467
706
707 963
708
709
710
711 718
712
713 956
714 412
715 249 522
716
717
718 879 367
719 489
720
721
722
723
724 902 946
725 648
726
727 80
728 280
729
730 130 346 917
731 154
732 781 875
733 231
734 213
735 615
736 871
737 820
738 651 950
739 547
740
741
742
743
744 305 69 796
745
746 647 628
747 447 361
748
749
750 601
751 873
752 244
753
754
755 468
756 209
757 28 396
758 588
759 626 403 723
760 488
761
762
763
764 277
765
766
767 672
768
769 288 780
770 187
771
772 296 162 937
773
774 287 33
775 460 493
776
777 327 657
778 368
779 215 537
780
781 998
782 642
783 443 442
784 119 708
785 131
786
787 973 546 397 874
788
789 419
790 10
791
792
793
794
795
796
797
798 519
799
800
801 608
802 229 521
803 881
804
805
806 437
807 8 362
808 226 860 727 155 691
809
810 675
811 388
812 347
813 715
814
815
816 289 382 901
817
818 823
819 186 758
820 757 924
821 274 50 534
822 949 149 590
823
824
825
826
827
828
829 196 390
830 317 306
831
832 841
833 807
834 674
835
836 987
837 354
838
839
840
841 943
842 539 35 926
843 78
844
845 594
846 421 259
847 680
848 481
849 342 517
850
851
852 319
853
854 470 638
855
856 92 599 709
857 242 302
858
859
860 109
861 500
862
863 95
864 261
865 678 978 565
866
867
868
869 459 920
870 39
871 303
872 425 318
873
874
875 128 516
876
877 494 431 729
878
879 192 528
880 392
881 575
882
883 605
884
885
886 300
887
888 662
889 4
890
891
892
893
894
895 877 428
896 934 505
897 336
898
899
900 733 145 548
901 673
902 624 54
903 182
904 284
905 541
906 27
907
908 256
909
910 627
911
912 906
913 600 930 295
914 769 376
915 513 139 824
916
917
918
919 208 393
920 341 587
921 842 545
922 464
923
924 169
925 586 423
926
927
928
929
930 221
931
932 696
933
934 402
935 931
936 164
937 614
938 32
939
940 165
941 282
942 759
943
944 17
945 811
946 576
947 63
948
949 671 129
950
951 55 337 593
952 286 773
953 688
954
955 140
956
957 99
958 630 791
959
960
961 73 640
962
963 29 290
964 613 465
965
966 929
967 705 700 993
968
969 373
970 806
971 372 799
972 667
973 872
974
975 578
976
977 416 212
978 141
979 116 932
980 453 496 836
981 507
982 137
983
984 979
985
986 83
987 828
988 107
989 102
990 200
991 350 953
992 375
993
994 959
995
996 157 918
997
998 22
999 93
