#/n/fs/ragr-research/projects/fastppm-data/bin/simulate.py --mutations 2500 --samples 3 --coverage 1000 --seed 7 --output sim
# GMT Sun Oct 13 15:08:43 2024
# 
0 2300 2328 1213
1
2
3
4 732
5
6
7
8
9
10 2019
11 1979 2479
12 1813 941
13 322
14 586
15 2034
16
17 435
18
19 2228
20
21 2291 2491
22 1035
23
24 655 1169
25
26
27 239 1775
28 32
29 154
30 689 1858 2026
31 547 2120
32 748
33 1941 204 617 644 1095 1299
34 2476
35 2386 694 1190
36 1461
37 1687 2408 52 1247
38
39 1071
40
41 1754
42
43 1572
44 605 2003
45 1458 156 1366
46 2218 1763
47 1339
48 600
49 2459
50 989
51
52 565 2177
53 72
54
55
56
57 1644
58
59 31
60
61 1306
62
63 1859
64 229 558 1681
65 449 634
66 2139 1508
67 7
68 1219 2289
69
70
71 854
72
73 1286
74 2164
75
76 1074
77
78 2478
79
80 123 244
81 2448 1405 114
82 397
83
84 1114
85 833
86 113 120
87 931 1301
88 1180
89
90 925
91 1805
92 824 1792
93
94 1437
95 356
96 1904
97
98
99
100 1230 2134
101 717
102 607
103 1713
104
105 453
106 99
107 1936 364
108 1124
109 603
110 2442
111 433
112 1716
113 934 1203 1627
114
115 1449
116 155 1091
117
118 438 1278 1048 1753 1804
119 2015
120 1622
121
122 1391
123
124
125
126 2240
127
128 701 2185
129 971
130 1518
131
132 140
133 503
134
135 1105
136
137 2206
138 1899 1667
139
140
141
142 1957 2242
143 889
144
145 878
146 497
147
148 1415 1476
149 999 227 1474
150 915 1006
151 1103
152
153 2387
154
155 922
156 289
157
158
159
160
161 1693
162 2099
163 493
164 1396
165 2150
166
167 375 1201 2197
168 27
169 1130
170
171
172 1153
173 1438
174 1487
175 623
176
177 1112
178 2462 1557
179 440 136 579 1699
180 2261
181
182
183 1196 2208 238
184 534
185
186 1987
187 2009 2367
188
189
190
191 1888
192
193 532 1384 465
194 2371
195
196
197 1834
198 2419
199 1887 1052 2045 1326 1694
200 1489 1940 2200
201 886
202 2258
203 987 1500
204 160
205 2390 1973
206
207 1483 1609
208 1647 2178
209 380
210 258 1565
211 1427 1817
212
213 619
214 1009
215
216 51 597 577 1968
217 2332 149
218 1934
219 936
220 2400 2244
221 1444
222 501
223 2277 1253
224
225 2133
226
227 1018
228 591
229 8 1199
230 2202 1951 1445
231
232 1746 548
233
234 2182
235 628
236
237 1623 2349 615
238
239
240 629
241
242
243 952 1359
244 2405
245 2494 648
246 1250 1617
247 1343 745
248
249
250 943 1111
251 2008
252 1773
253 1743
254
255 459 2403
256 1830
257
258
259
260 19
261
262 507
263 1850
264
265 1593 2393
266 388 2068
267 834 1861
268 103
269 1049 1403 1432 2126
270
271 739
272 1506
273 853
274 1648
275 179 788 1134
276 206
277 963
278 1338 1876
279 6 857
280 538 742 924
281 478
282
283 79 1013 2022 2269
284 1164 1816
285 1969
286 875
287 2231
288
289 2388
290 142
291
292 2281 1014
293
294 2378
295
296 226
297 259 273 1050 2472
298 1325 1967
299 1938 1865 2143
300
301 2160 1696
302
303 893
304 1068 182 1175 1090 2262
305
306
307 1268
308
309
310 1002
311 312
312
313 658 1126
314
315
316 277
317
318
319
320
321 406
322 1555
323 1845
324 309
325 1417 216
326 1971
327 1261 2146
328 1992
329 1675 374
330 2004
331 1249
332
333 1777 1864
334 1604
335
336 225 929 2396
337 2344
338
339 1903
340 1711 108 313 1630
341 1462 1327
342
343
344 1140 587
345
346 722
347 1412 1625
348 518
349
350 899 753 890 712 1353
351 391 186 210
352 747
353
354 1422 1185
355 291
356
357 1977
358 860 2263
359
360 2265 728 914 983 1202
361 650
362
363
364 1235
365 917
366 1744
367 764
368 1178
369 1755
370
371 2142 1975
372
373
374 1416
375 2358
376 1145 1739
377 527 2011 1504
378
379
380 870
381
382
383
384
385
386
387
388 2090
389
390 763 1912
391 969 1333
392 377 959
393 705
394
395 1643
396
397 2060 726 1216
398
399 2259 2443
400 984
401 197
402 2243 2297
403
404
405 340 2304 1737
406
407 61 1855
408
409 301 1020 1661
410
411 1871
412 900 643
413
414 37
415 686
416 201 293
417 1866 336 669
418 1475
419 1226
420
421 2213 1120 2096
422 54
423
424 71 1963
425 424 1583
426
427
428
429
430 2252
431 1502 1088
432
433 162
434
435
436
437 2086
438 691 1469
439 1537
440 134
441 2285 820
442
443
444
445 684 1587
446 557
447 2180 1900
448 1823
449
450 2114
451 1107
452
453
454 1479 1473
455
456 1759
457
458 2435
459 1239
460
461 1728
462 1507 2256 2078
463
464 555
465
466 332
467 2111
468 1685
469 2057 495
470 2323
471
472
473 521
474 1270 2041
475 2334
476 647
477
478 646 499 2317
479 1958 1707
480
481 2469 1234
482 2054
483 425 2360
484
485 2163
486 637
487
488
489 809
490 56
491 1335 2074
492
493 47
494 41 2184 1808
495
496 1852
497
498
499 978
500 1171
501
502 1802
503
504 168 30
505 432
506 909
507
508 2384
509 2423 704 1764
510 1183 2356
511 1336 1844
512 845 990
513 2468
514 2327
515 1205
516 1835
517 602
518 378
519 2489
520 1933
521 1491
522
523
524 2002 2075
525
526 58
527 2463
528 752
529 715 847
530 546
531
532 2024 1337
533
534 29
535 2437
536
537
538
539 2249
540
541
542 93 326 1231
543
544 1030
545 157 719
546 1947
547 785 2422
548
549 101 335
550 2058
551
552 1522
553
554 926
555 816 757
556 1125 622
557
558
559 86
560 2131
561
562 672 1001 1910
563 750 1293 1853 2274
564
565
566 970
567
568
569
570
571 1653
572 316 784
573 2043
574 1717 985
575 418
576 410
577
578 1184
579 353
580
581
582 1674
583 581 1085
584
585 2211
586 205
587
588 115 1619 1629
589
590
591 2253
592
593
594
595 859 1895
596 641
597 721 1712
598
599 531 740
600
601
602 1289 589
603 2440
604
605 486 1838
606
607 1779 1073
608
609 2162
610 42 139 1616
611 2166 2124 1988
612 1921
613 993
614 1638
615
616 1745
617
618
619 827
620
621 1567
622 1709
623
624
625 1256
626 366 1426
627
628
629 1843 1019
630 649
631 125 553
632 1472
633
634
635
636 1925
637 2308
638
639
640
641 464 2070
642
643 1757
644 1022 1058
645
646 15 1194 670
647 1837
648
649
650
651
652 334 1818
653
654 170
655 2292
656 850
657 2046 871 808
658 270
659 382 1539 2307
660
661 843 1351
662
663
664
665 1165
666 290
667 1463
668
669
670
671 897 127 2416
672 2029
673
674 551
675 475 874
676 1494 1532
677 545 855
678
679 78
680 402 65 1370 2447
681 1809 1841
682 1563
683 1637
684 556
685
686
687
688
689 856 2407
690
691 237
692
693 389
694
695 1605
696
697 1944
698 1485
699 1260
700 1092
701 200
702
703
704 452
705 2194
706
707 2362 1982
708
709
710 1575 767 771
711 530
712
713 1590
714 1762
715 2470
716
717 18 851 110
718
719
720
721 188 1948
722 502
723
724 564
725
726
727 653 1200
728 1580
729
730
731 1258
732 661 2364 1361
733 1529
734
735 16 1206
736
737 173
738
739 1238 1321
740 2101
741 352
742
743 22 933 1760
744 2499
745
746
747
748
749 1603
750 872
751 1658
752 1811
753 39 330
754 450
755
756 894
757 1839
758
759 541
760
761
762 310
763 1645
764 1079
765
766 1356
767
768
769 318 613 640
770 1288 1611
771
772 12
773
774
775 2372
776 2345 100 533
777 361
778 626
779
780 1170 1056
781 1503 218 708
782 2042 2223
783 2295
784
785
786 307
787 2255 396
788
789 1062 2170 1076
790 476
791 2161 98
792
793
794 1346 1989
795 1084
796 2451
797 2449
798
799 1702
800
801 806
802 146
803
804 46 677 190 2135
805
806
807 1496
808
809 1132
810 1896 678
811
812 346 1401 2404
813 760
814
815 264
816 2191 1772
817
818 1727 882 2337
819
820
821 2329
822 1924
823 2490 1721
824
825
826
827
828 2221
829 1730
830
831 598
832 783
833
834
835 1386
836
837 2471
838 342
839 2350 1128
840 2159
841
842
843 1308 209 1198 1486
844 772 2322 665 1919
845 1309
846 2005
847 1620
848 910
849 1152 552
850 675
851 172
852
853 954 2335
854 1560
855 1265
856 1277 302 1589 2031
857 2104 2214 328 345
858 2044
859 420
860 14 1720
861
862
863 442
864
865 1776 1846
866 1243
867
868 723
869 2229 1733
870 2293
871 676 2248
872
873 837
874 569
875
876
877 1176
878 898
879
880 2392 904 1182
881
882
883 2209
884
885 707
886 1312 153 252 496
887
888 358
889 1937
890 408
891 2286
892
893
894
895 1430
896 2179 1607
897 68 1571
898 40 83
899 1724 1116
900 1961 1477 2455
901
902
903
904
905
906 1705 256
907 387 797 1526
908 1748
909 682
910 1098
911 2205
912 2014
913 1767
914 1341
915 2333
916 1181
917 247 317
918
919 961
920
921 66 1769
922 1741
923 276 392
924 1131 1150 1269
925 2110 28 974 2354 1453
926
927
928
929
930 1305
931 487
932 977 885 1588
933
934
935 659
936 1752 1781
937 1959
938 2433
939 1840 1749
940 529
941 1708 1054
942
943 189
944 2176
945 2065
946 395
947 1797
948
949 1081
950 1480 1279
951 1400
952 1881 1424
953 2094
954
955 470
956 946 355 639
957
958 549 841
959 674
960 1109
961 2303
962 3 390 1569 2314
963 2207 2165
964
965
966 775
967
968 304 2001 1344 1146
969 1 1364 1999
970
971 439 2488 768
972 968 1159 1028
973
974 208
975 1163 505
976 1015 2284 1113
977 412 184 2158
978
979 1669
980 1878 174 866
981 2438
982
983 1874
984
985
986 1847 1662
987 1722 481 1218
988 240
989
990 1974
991 1166 1275
992 776 1916
993 2273
994 1906
995 1599 2144 1510
996
997 1795
998
999 165
1000 1556 262
1001
1002
1003 67 2302 654 421 1612
1004 1851
1005
1006 303
1007 386
1008
1009 1481
1010 1668 403
1011
1012
1013
1014 2251
1015 2173 1000 2444
1016 940
1017 1573
1018
1019
1020
1021 1051 296 563
1022 2023
1023 269 554
1024
1025 2132
1026 975
1027
1028 540
1029
1030
1031 862
1032 1428 1148 593 2053
1033
1034 1893
1035 2414
1036
1037
1038 656
1039 2467 693
1040 1411
1041 69 1598 1618 1550
1042
1043
1044 1631 1909
1045
1046 2257
1047 1962
1048
1049 1514 2152
1050 1323
1051 1003 1551 957
1052
1053
1054 1209
1055
1056 2373
1057 1725 2155
1058 1241
1059
1060
1061
1062 972 681
1063 2167
1064
1065 1290
1066
1067 1379
1068 45 222 498
1069
1070 994
1071 2311
1072 945
1073
1074 1468
1075 1790
1076
1077 938
1078 2466
1079
1080
1081
1082 1927
1083 1005
1084 1375
1085 709
1086
1087 590
1088 1331 2076
1089 1350
1090
1091
1092 315
1093 2193
1094 1102
1095 2457
1096
1097
1098 365
1099 611 1237 777
1100 2316
1101
1102 869 1418
1103 2127
1104 1495
1105 1450
1106
1107
1108 1446 112 1740 1452
1109 1663 2151
1110 1072 1649
1111 1267
1112 1515 131 967
1113
1114 1345
1115 1272 1420 1252 2136
1116
1117
1118 1671
1119
1120 1240
1121 725
1122
1123 281
1124 1061
1125 2298
1126 429
1127 1856 2299
1128 2379
1129 64 773
1130 1197
1131
1132 2301
1133 344
1134
1135 483
1136 480
1137 956
1138
1139
1140 354
1141 48
1142
1143
1144
1145 1324
1146
1147 76
1148 159
1149 1966
1150
1151 1342
1152 448 986
1153 1227 2007 1248
1154 842
1155 1586
1156 790
1157 1953 2174
1158
1159 1294
1160
1161
1162
1163 1561 879
1164
1165 1956
1166 1800
1167 683
1168
1169 758 1829
1170 610 1931
1171
1172
1173 1448
1174
1175 468 1548
1176
1177
1178 880 1656
1179
1180 667
1181 2495 1041
1182
1183 118
1184
1185 2412 1407
1186
1187
1188
1189 642
1190
1191 1147 2190
1192
1193 663 2401
1194 133 249
1195 38
1196 804 1965
1197
1198 241
1199 813 895 1106
1200
1201
1202
1203
1204
1205 510
1206 2129
1207
1208 839
1209
1210
1211 1257
1212
1213 2140
1214
1215
1216
1217 631
1218
1219 902
1220 2431 948
1221 765
1222
1223
1224
1225 2415
1226 1246
1227 109
1228 571
1229 457 1860
1230 679
1231 604
1232 474
1233 214 749 907
1234 2340 1824
1235
1236
1237 119
1238
1239 1787
1240
1241 2497
1242 526 463 1160
1243 460
1244 1363 1554
1245 349
1246
1247 404 580
1248 2107
1249 2296
1250
1251 1990 1189
1252 1328
1253 233
1254 652 1406 2050
1255
1256
1257 583
1258 1093 1897
1259
1260 1552
1261 2460 738
1262 368
1263
1264 664 2013
1265
1266 360 169 1689
1267 584
1268
1269
1270 720 1311 2389
1271 2171
1272 698
1273 1651 944
1274 299
1275 1682
1276
1277 422
1278 942 1139
1279
1280 427
1281 20 1735 2230 2056
1282 288
1283 306
1284 778
1285
1286
1287
1288
1289 164 821
1290 1511
1291 2432
1292 2278
1293 756
1294 2283
1295 305
1296
1297 700 2217 477
1298 2375 286
1299 2157
1300
1301
1302 2040
1303 2315
1304 1283
1305 596 685
1306 287
1307 2196
1308 73
1309 982
1310 1340 1215
1311
1312 129
1313 1151 215 1101
1314
1315
1316 1540
1317 979 988 645
1318 2035
1319
1320
1321
1322 796
1323
1324 1063
1325 107
1326
1327
1328
1329
1330 912
1331 744 1778
1332
1333
1334
1335 873 2018
1336
1337 384
1338 1632
1339 105
1340 759
1341
1342 2326 1512
1343 2138 24
1344 223
1345 559
1346 2366
1347 2236
1348 690 1012
1349 2270
1350 710 2313
1351 121 314 1946
1352 1065
1353 1042
1354
1355 167
1356 1334
1357 1439
1358 1263
1359
1360 284
1361
1362
1363
1364
1365
1366
1367
1368 1826
1369 976
1370
1371 2238
1372
1373 430
1374
1375 1217 338
1376
1377 494 1862
1378 1187
1379
1380 1703
1381
1382 1467
1383
1384 2353
1385
1386
1387
1388 1245
1389 1087
1390 1031
1391
1392 1034
1393 799
1394
1395 2394 901
1396 80
1397 2486
1398
1399
1400 1204
1401 1398
1402
1403
1404 1528
1405 198 766
1406
1407 1581 927
1408 1723
1409 2186
1410 1282 400 2246
1411
1412 737 1613
1413 1032 2464
1414
1415 1397
1416 1942 413 2477
1417 731 1930 278
1418 1747
1419
1420 858
1421 261
1422 832
1423 1421
1424 75
1425 2118
1426 231 1926
1427
1428 1281 297
1429 1490 867
1430
1431 77 566 736
1432
1433
1434
1435
1436 21 807 746 1902
1437
1438 85 2203 1045
1439 2430 1077
1440 1143
1441 625
1442
1443
1444
1445
1446 55 570
1447 2280
1448 937 1154 892 918
1449 2492
1450 761 836
1451 2424
1452
1453 1322
1454 2276 1854 1382 1402 2081
1455 251 1509
1456 1431 2145
1457
1458 1562
1459
1460
1461 1691 1875
1462 1954
1463 702
1464 1943
1465 2232
1466 1060
1467 25 1228
1468 2010
1469
1470
1471 283
1472
1473 1566
1474
1475
1476 973
1477
1478 1330
1479 606
1480 2154
1481 53
1482 300 1782
1483 246
1484 614
1485 4
1486
1487
1488
1489
1490 148 1765
1491
1492 1021
1493 516
1494 473
1495
1496 359
1497 2021 308
1498 814
1499
1500
1501 522
1502 488 1828
1503 787 1626
1504
1505 1179 2067
1506 2426 444
1507 234
1508
1509 467 1945
1510 1734
1511 1578
1512 479 2321
1513 519 2020
1514 126 846
1515 327 321
1516 97
1517
1518 1608 1905
1519 2271 1259
1520
1521
1522
1523 608
1524
1525 152 1952
1526 1726 2239
1527
1528
1529 150
1530 434
1531
1532
1533
1534
1535
1536 1889
1537
1538 1738
1539
1540 260 36 1513
1541 718
1542
1543
1544
1545 2198
1546
1547 1819
1548 1318 1374
1549
1550
1551 575
1552 91 1788
1553 1442
1554
1555
1556 242 1531
1557
1558
1559 1142
1560 351 250 202
1561 657 1387 1499 1996
1562 2175
1563 1380 1885 1995
1564
1565
1566
1567
1568 1994
1569 638
1570 916
1571
1572
1573 1570 2306 2406
1574 1535 1877
1575 514
1576
1577 2485
1578 437
1579
1580
1581 876
1582 2100
1583 1409
1584 849 947
1585 399
1586
1587
1588 348
1589
1590 2047
1591 23 1368 2287
1592 341 951
1593 266
1594
1595 329 733 379
1596
1597 1770 230 1584 339
1598 2077
1599 350 144
1600 1814 2368
1601
1602 2069
1603 935
1604 490 1064
1605
1606 1984
1607 1771
1608 89
1609 484 1121
1610
1611
1612 1040
1613
1614 183
1615 1017
1616
1617 2351
1618 1524 2188
1619 1232 727 2380
1620
1621
1622 1376
1623 844
1624 405 175
1625 2227
1626 695
1627
1628 1592 343
1629
1630 436 1564
1631 417
1632 1155
1633
1634 1915 2061
1635
1636 158 829
1637
1638 913 1307
1639
1640 1292 1534
1641 2397
1642 1615 1055
1643 1928
1644 791 755
1645 319
1646
1647 1820
1648 861 1066
1649
1650 171 1981
1651 81 1666 1414 2028
1652 337 373
1653 1516 253 443 445 660
1654
1655
1656
1657 1470 2105
1658
1659
1660 2201
1661
1662
1663
1664 220 1576
1665 2381 2480
1666 1664
1667 536
1668 517 830 1383
1669 1768 1646
1670 1836 1297 1600 1918
1671 953
1672 795
1673
1674 741
1675 1057
1676 1122
1677 1697
1678 2226
1679 2235
1680
1681 1027
1682 1750
1683 1026
1684 1174
1685 1357 1543
1686
1687 1137
1688 794 2089
1689 528
1690 2325
1691
1692
1693
1694
1695
1696
1697 801
1698 1369 1138
1699
1700 1354
1701 26 2266
1702
1703 1381
1704 1505
1705 275 668 2369
1706
1707
1708 466 805
1709
1710
1711 921
1712
1713 1688 1825
1714
1715
1716
1717 2309 1641 2183
1718 2357
1719 2038
1720 137 1177
1721
1722 1436
1723 456
1724 1195
1725 2370
1726
1727 823 2117
1728 1108 1719
1729 1408
1730
1731 263 2051 2454
1732 2282
1733 1067 2108
1734
1735 347
1736 1670 1123 800
1737 2106
1738 1016 1024
1739
1740 199
1741 1156 1168
1742
1743 620
1744 2121 2458
1745 2123
1746 414
1747
1748 2342
1749
1750
1751 1789
1752
1753
1754 1652 1680
1755 802
1756 1729
1757
1758
1759 228 1594
1760
1761
1762 178
1763 2382
1764
1765
1766 2187 1392
1767
1768 1303 2102
1769 472
1770 2083 1388
1771 822
1772 1373
1773 1047 1214
1774 87
1775 282 1827 2425
1776 111
1777 50
1778
1779 471
1780 124 1075 1460
1781
1782
1783 2341
1784
1785 2072
1786 1774 1117
1787 267 630 1983
1788 1657
1789
1790
1791 588 454 506 2383
1792
1793
1794 1870
1795 673
1796 2025
1797
1798
1799
1800 428 877
1801 2365
1802 1089 2137
1803
1804
1805
1806 905
1807
1808 544
1809 130 1395 1419
1810
1811 2361
1812 2395 573
1813 5 1501
1814 2413
1815
1816 1799
1817
1818 117
1819
1820 1456
1821 2199
1822 1222 2417
1823 542 1264 2272
1824
1825 831 1033
1826 74 1920 688
1827
1828 1149
1829
1830
1831
1832 687
1833 1676
1834 2113 1097 2036
1835
1836 2410
1837 2149
1838 868 1932 2222
1839 1794 1807 1898
1840 782 711
1841 1319
1842 1579
1843 2363
1844
1845
1846
1847 1433
1848 2216 447 1784
1849 1262
1850 1454
1851
1852
1853 1732
1854 1023
1855
1856
1857 561
1858
1859 1242 1464
1860 2446
1861
1862 1043 1158
1863 1389 1404
1864
1865
1866 1642 1812 1714 2399
1867 2093
1868
1869 1634 891 1320 1601
1870 716 1362 1434 1991
1871 1291
1872 1636 212 492
1873
1874 1976
1875
1876 1457
1877
1878 1099
1879 1922
1880
1881 1980
1882
1883 280
1884
1885
1886 2385 1761
1887 703
1888 116 1451 2080
1889 2456
1890 2391 1435
1891 1254
1892
1893
1894
1895
1896 525 1527
1897
1898 2441
1899 193 1358 1574
1900
1901
1902
1903
1904
1905 1890 1287
1906
1907
1908
1909 1886
1910 2006
1911
1912
1913 1423 810
1914 324
1915 2210 2288 1821
1916
1917 192
1918 2338
1919
1920 411 595
1921 90 635
1922 1872
1923 835
1924
1925 1857 1523
1926 274
1927 2428
1928 279
1929
1930 2016 409
1931
1932 1596
1933 385
1934
1935 2355 295
1936 1471 1295
1937
1938 141
1939 2098 180 1677 1582
1940 1894
1941 939 298
1942 407
1943
1944 104 2233 2352
1945 949
1946
1947 696
1948 881
1949
1950 2398 292 1628 431
1951 1848 594 621
1952 1822 2498 1758
1953 789
1954 1276
1955
1956
1957 550
1958 1796 2032
1959 2189 1080 1833
1960 1492 965
1961 2436 1633
1962
1963 35
1964 1466
1965 1756
1966
1967
1968
1969
1970 1960 60 2097
1971
1972 1798
1973
1974
1975
1976 1955
1977 680 582 1167 2112
1978
1979
1980 203 515 627
1981
1982 671 513 724
1983
1984 1660
1985 1310 1332 2482
1986
1987 446
1988
1989 2452 2475
1990 34 2348
1991
1992 1399
1993 1394
1994 1742
1995
1996
1997 2484
1998
1999 2037 2063
2000
2001 818
2002 2493 543
2003
2004 1053 1365
2005
2006
2007 1780 1038 751
2008 102 196 1210
2009
2010
2011 1186 1553 1547
2012
2013 2461
2014 2374
2015 455 2052
2016 1585 576
2017 523
2018
2019
2020 1348
2021 2030 1621
2022
2023
2024 2027 1665 1465 2418
2025 423
2026
2027 1545 520
2028
2029
2030 2033
2031
2032
2033 1718 1883 803
2034 1538 1673
2035 1144
2036
2037
2038 1993
2039 2224 257 1868
2040 1251
2041
2042 2122 1008
2043 1211
2044
2045 1207
2046 2085 177 1315
2047
2048 2062 2088 1901
2049 2147
2050
2051 896
2052
2053
2054 2260 1907
2055
2056 1300
2057 1801
2058
2059 2324
2060 780 1172
2061
2062 191
2063 2219
2064
2065
2066
2067
2068 1793
2069
2070
2071
2072 166
2073 848
2074 2092 1212
2075 2347 2125
2076 1271
2077 1229 2204
2078 1710
2079
2080 398 1530
2081
2082 176 578
2083 1302 562
2084 812 1525
2085 1939
2086 2091
2087 1372
2088 1360
2089
2090 2409
2091
2092 1119
2093
2094 1484 1329 2087
2095 372
2096
2097
2098 243
2099 95 1568
2100
2101
2102 63
2103 1037 1654
2104 1736 508 2483
2105
2106
2107
2108
2109 271 599
2110 232 2048 828
2111 1488
2112 2215
2113 9
2114 632
2115
2116 145 1766 1867
2117 1188 1371
2118 754 1441 981
2119 1614 1224
2120 1244
2121 33
2122 1698
2123 1004
2124 815
2125
2126
2127 838
2128
2129 2245
2130
2131
2132 2290 1520
2133 394
2134
2135 1078
2136
2137 1879
2138 980 217 618
2139 2017 1393
2140 811 960 1385 2421
2141 1715
2142 161
2143 2225
2144 62
2145 1429 248
2146
2147 1029 2103
2148 840
2149 1695
2150 1640
2151
2152 1914
2153 2128
2154 1069
2155 451 1831
2156
2157
2158 2434 769
2159 572 1498 1692
2160 143 371
2161 1891
2162 1731
2163 401 651 2195
2164 84 996
2165 826
2166 1094 2473
2167 2453
2168
2169 567 730
2170 1274 2346
2171
2172 585
2173 2465 616 1559
2174
2175 13 2116 362 624
2176 1377
2177
2178
2179 888 601 692
2180 883
2181 2254
2182 699
2183
2184 906
2185 1255 2181
2186
2187 265
2188 1815
2189 697 2234
2190 1096
2191 995
2192
2193 2275 1690 1482
2194
2195
2196 2439
2197 2071
2198 1044
2199
2200
2201 1610
2202 1233 2172
2203 369 1913
2204
2205 2481
2206 128 1070 1635
2207 1129
2208 2212
2209 1923
2210 1783 2066
2211 96 2294
2212 2305 734
2213 254
2214 59 1706
2215
2216 2343 864
2217 955 633
2218 1273 1440
2219
2220
2221 1544
2222
2223
2224 1650 923 798
2225
2226 57
2227 2192
2228 181
2229 1413 1672 2115
2230 911
2231
2232 393
2233 825
2234
2235 1624
2236 932 224
2237
2238
2239
2240 1519
2241
2242 1221
2243 2073 539 370 1655 1911 2241
2244
2245
2246 1223
2247 10 1298 1162
2248
2249 163
2250 1316
2251
2252 82
2253 1193
2254
2255 504 1678 94
2256 376
2257 919
2258 1036 1882
2259 2250 1127
2260 207 1929
2261 1025 1225
2262
2263
2264 1284 2130
2265 2119
2266
2267 323
2268 1133
2269 2220
2270 485 1157 1686
2271 714 560
2272
2273 426 441 1285 2310
2274
2275 1115 1786 381 1863
2276 1135 1869 2055
2277 187 2450
2278 1549
2279 1059
2280 884
2281 383 2169
2282
2283 2420
2284 2279 1521 1536
2285 512
2286
2287 793
2288 1304 1118 1443
2289
2290 2320 537
2291 1220
2292
2293 1191
2294 1410
2295 219
2296 195 211 817 1810
2297
2298 500 2402
2299
2300 1595 2268 2012
2301
2302 245
2303
2304 2059 415 2474
2305 2496
2306 770
2307 1602
2308 1935 363
2309 1997
2310
2311 568 1083
2312 1347 462 887
2313 1591 1700
2314
2315 294 1378
2316 964
2317
2318
2319
2320 1010 1161
2321
2322 43 236 1806
2323 1849
2324 1455
2325 1970 1355
2326 2039
2327 44 1007 1425 2331
2328 2411 991
2329
2330
2331
2332 1141
2333 1313
2334 135 920
2335
2336 1998
2337 1110 998
2338
2339 958
2340 1011
2341 92 1791
2342 1659
2343 1917 1086
2344 863
2345 2
2346 819
2347 320
2348 992 928
2349 666 636
2350 509 1533
2351
2352
2353 1173 482
2354 88 419 792
2355 2148 2267 2141
2356
2357 2082
2358 1100 2000
2359
2360 489 2049
2361 786
2362 1679 1497
2363 706 1558
2364 1493
2365 268 147 1367
2366 1950
2367
2368 2318
2369
2370 138 367 1704 1986
2371
2372 743 285
2373 458
2374 106 2153
2375 1039
2376 2109 1684
2377 1884
2378 1597
2379 2319
2380
2381 122 1751
2382 1046
2383
2384
2385 662
2386 735 235 2377
2387 1447
2388
2389 1949
2390 1701
2391 535
2392 1352
2393 1296
2394 1478
2395 221
2396
2397
2398 1208
2399
2400 2445
2401 1639
2402
2403 1842
2404
2405
2406
2407 2330
2408 2084
2409
2410 2247
2411 357 1803
2412 1832 729
2413
2414 325
2415
2416
2417
2418 1104
2419 2339 511 779
2420 491
2421
2422
2423 930
2424 331 713
2425
2426 2264 524
2427 213
2428
2429
2430 194 1985
2431 1317 1542
2432 2237
2433
2434 255 592 2156
2435 908
2436 966 469 1390
2437 865 762 311
2438
2439 2487
2440 852
2441 1908
2442
2443
2444 1978
2445 272
2446
2447
2448 962 49 1972
2449 574 1192
2450
2451
2452
2453 774
2454 1964 1606
2455
2456
2457
2458 1280
2459 461
2460 1349 2427
2461 1873
2462 1266
2463
2464 1082
2465 2312
2466 1546
2467 416
2468
2469 781 1236 2168
2470
2471 1880 2064
2472
2473
2474
2475
2476 609
2477 2079
2478 11 132
2479
2480 185 950
2481
2482
2483
2484 997
2485
2486 2376 903 1577
2487 1314
2488 1541
2489
2490 70 1892
2491 2336 2429
2492 1136 1459
2493 333
2494 17 1785
2495 1683 151
2496 612 2095
2497 2359
2498 1517
2499
