#/Users/schmidt73/Desktop/fastppm-data/bin/simulate.py --mutations 500 --samples 3 --coverage 30 --seed 12 --output sim
# GMT Fri Sep 13 14:24:35 2024
# 
0 257
1 476
2
3 93 250 480
4
5
6 134 133
7 494 30
8 138 419
9 406
10 348
11 156 149 240
12 196 225 438
13 352
14 466
15 200
16 46
17
18 172 103
19
20 55
21 280
22 124 87 139 152 461
23 91 157 293
24
25
26
27
28 192 177 380 120
29
30 434
31
32 249
33
34
35
36
37
38 369 464
39
40 486 169
41 210 284
42
43 110
44 175
45
46 382
47 263 170
48
49
50 443 400 239
51 136
52
53 389 146
54 137
55
56 411
57
58 347
59 255
60 95 176
61 475
62 386
63 195 84
64 160 423
65
66 164
67 42 162
68 313
69 25
70
71 465
72 2 17 220
73 496
74 77
75 407
76 81 182
77
78 201
79 320
80 269
81 73
82
83 49
84 324 405
85 387
86 6
87
88
89 268
90 417
91
92 456
93 28
94 499
95 296 144
96
97 299
98
99 315
100 67 94
101 3
102 493
103 451
104 479 88 495
105
106 436 18
107 9 325
108
109 39
110
111 392
112 131
113
114 298
115 377
116
117
118 306
119 116
120 474 359 477
121 365 368
122 485
123
124 295
125
126
127 24 113
128 301 104 492
129 463
130 294
131
132
133 174 484
134 458
135 12 32 66
136 481 307
137 467 242 221
138 373 404
139
140 63
141 266
142
143
144 397 287
145
146 428 215 331
147 109
148 145 317
149
150 489 285 445
151 281
152
153 345
154 53
155 343
156 92
157 198
158
159 105
160 346
161 452 36 351
162 83
163 228
164 158
165 76
166
167
168
169
170
171 449
172 16 357 354
173 62
174
175 211
176
177 431 35
178 333
179 383 355
180 56
181 10
182 311
183 402
184 165
185 85 497
186
187
188
189 470 367
190 219
191
192 490 218
193 323 322
194
195 151 68 204
196 310 453
197 54
198 442
199 340
200 292
201 184 337 447
202
203 302 126
204 197 37
205
206 381
207
208 14
209 74
210
211 82
212 38 429
213
214
215
216 161
217
218 167
219
220
221
222 231
223 336 265
224
225
226 393
227
228 79
229 224
230
231 41
232
233
234 261 366
235 15
236 80 460
237 213
238
239
240 457
241 364 31 114
242 471
243
244 33
245
246 60 117 232
247 226 154 194 253
248 40 274
249
250 421 412 435
251 440
252
253
254
255 229 413
256 153
257 290 89
258 140
259
260 13 328 321
261 258 222
262 78
263 108 168
264 370
265
266
267 399
268 379
269 469 59
270 401 217
271 86
272
273
274 190
275
276
277
278
279
280
281 420
282
283 69 349
284
285 26
286
287 289 416
288 341 187
289
290 22 279 342
291
292 216 115
293
294 107
295 455 362
296 135
297 48 473
298 350
299 300
300
301 101 23 344
302 208
303
304 339
305
306 34 122
307 275
308 125
309 450 426
310
311
312
313 7
314
315
316
317
318 338
319 246
320 19 422
321 185
322
323 363
324 90 327 498
325
326 432 233 278
327 312
328 20
329 262
330 45
331
332 335
333 235
334
335
336 238 437
337
338 286
339 439 282
340 408
341 1
342
343 260
344
345
346 244 199 394
347 21 127
348 376
349
350 100
351
352 188
353
354
355
356
357 98
358
359
360 304
361
362
363 129 148
364 410
365 214 291
366
367 142
368
369 433
370 259
371 123 223 414
372 27 243
373 371
374 483 118 398
375 472
376
377 206
378 415
379 308
380 482 283 385
381
382 121
383 332
384 319
385
386 309 468
387 297
388 353
389 193
390 205 395
391 106
392 247 236
393 173
394
395 358
396 424 378
397 163
398 143 430
399 47 390
400 375 102
401 58 272
402 191
403 61
404
405 277
406 251
407 329
408
409 70
410 4 237 245 273
411
412
413
414
415
416
417 52
418 128 180
419
420 425
421 330
422 454 99 230
423
424 119 264
425 50
426
427
428 181 11
429 303
430
431 391
432 65
433 111
434 427
435
436 234
437
438
439 132
440 252
441 403 318
442 166
443 171 388
444 271 189 334
445 183
446 444 155
447
448
449 150
450 441 209
451
452 374 248
453
454 267 57 227
455 446
456 64 314
457
458 212
459 256
460 316
461 488
462 178 361
463 241 51
464
465 448
466 462 384
467 372
468 409
469 44
470 112 207
471 96
472 130
473
474 29
475 418 159
476
477
478 305
479 326 491
480 71
481 8
482 5
483 72 179 202
484
485
486 147 396
487 270
488
489 203
490 288 97
491 360
492 75 276
493 43 356
494 487
495
496 186
497 141 459 254 478
498
499
