#/Users/schmidt73/Desktop/fastppm-data/bin/simulate.py --mutations 2500 --samples 3 --coverage 100 --seed 6 --output sim
# GMT Fri Sep 13 14:34:33 2024
# 
0 1437
1
2
3 957
4
5 361 2466
6
7 1173
8
9 742
10
11 2228
12
13
14 1622
15 1108 2044
16
17 303
18
19 222
20 1297
21 754 1822
22
23 233
24 71
25
26
27 1037
28 964
29 724
30 213
31 556 2326
32 1709
33 998
34
35
36 1722
37 1869
38 963 907 1916
39
40 1861 392
41 2052
42
43
44
45
46
47 1049
48 483 234
49 1443
50
51 1183
52 1882
53 426 713 1609 867
54 1278
55
56 919
57 1690
58 583
59
60
61
62 1465
63 1662 2208
64 679
65 2300
66
67
68
69 1157 478 893
70 636 2252
71 247
72 1462
73
74 1854
75 349
76 2200
77
78
79 1796
80 162
81 1720
82
83
84
85
86 1732
87
88 1272 2059
89
90
91 555
92 415 719
93 843
94 972 50
95
96
97
98
99 2148
100 451 1681 1582
101
102
103 1853
104 1472
105 2444
106
107 1632 1000
108
109
110 2162
111 2295 1503
112 1248
113 1679 1818
114 1194
115 404 505 2139 1357
116 2493
117
118
119 2266
120 1041
121 1505
122 1805 1666
123 484
124 94
125
126
127
128 1365
129 274 1231 1397 2182
130
131 159 1635
132 1230
133 1330
134 2102
135 1558 1588 1880 1886
136 1808
137
138 816 2047
139 2107
140
141
142
143 1008 359
144 2013 2296
145
146
147 2077 2322
148 1165
149
150 894 2348 2097
151 788
152 588
153
154
155 1993
156 1080
157 705 572
158
159 1557 1628
160
161
162 1959 1486
163 403 1945
164 1467
165
166
167
168
169
170 2061 837
171
172
173
174
175
176 600
177 1513
178 1010 1257
179 620 372
180 328
181 504 658 1828
182
183 855
184 1405 2189
185 2281 314
186 710 1419
187
188 1736
189 557
190
191 991 128 1376
192
193
194 1983 2485
195 1119 1081
196
197 1792
198 2337 2000
199 2163
200 1179
201
202
203 239
204
205 2462 2248
206
207
208 974
209 2104
210 1534
211 1745 2220 2079
212
213
214 2089
215 882 802 1305
216 1464 2204 1261
217 2422 2454
218 469 853
219 2263 1835
220
221 1095
222 1672 1753
223 182 2157
224
225 2488
226 56 242 1071
227 661
228 1498
229
230
231
232 720 493
233
234
235 885 2166
236
237 2215 1685
238 1850
239
240
241 1343 1814
242 623
243
244 1547 959 1342
245
246 681 341
247 1968 1579 1581
248 1031
249
250 2255
251
252
253
254 773 1538 2025
255
256 956
257 1103 2064
258 945
259
260
261
262 1761 1434
263 1615
264 736
265 1494 250 1744 1789
266
267
268
269
270 1695 1981
271
272 558
273 412 2402
274 117 1840
275 299 1161 2213 601
276 1961 1763
277
278
279
280
281 2006
282
283
284
285
286
287 214
288 1600
289 1311
290
291 643
292 429
293
294 522
295 283 2336
296
297 1450
298 1178 417
299 2284 226
300
301 166 949
302
303 1881
304
305 1570 1500
306
307
308 1473
309
310
311
312 507 2078 2496
313 218
314 1511
315
316 1129
317 2160
318 1654 2098
319 2222 2241
320 1888
321 1851
322 1137
323
324
325 1952
326 2331
327 908 19 1551
328 1125 1332
329 1366
330 704 2096
331 702 1970 452 1280 1572
332
333 1238
334 1378
335 1147 1050
336 1159
337
338 447 2260
339 1994
340 258
341
342 953 1770
343 210 614
344
345 1703 355
346 1795
347
348
349 2127 1781
350
351 76 491
352 246 731
353 2369
354 789
355 1361
356 1
357
358 149
359
360 863 1066
361 2176
362 2210 2346
363 1794 1463 1618
364 1656
365
366 394
367
368 28 1011
369
370 63 1447
371
372
373
374 2132
375 1410
376 1371
377 2308 271
378 1583
379
380 174 2293 2058
381 896 1079
382 1022
383 2100 1247
384
385 77
386 1519 1030
387 275 1545
388 203 2471 2167
389
390 516
391
392
393 906 1743 1100
394 1506
395 979
396 1607 958
397 1603
398 344 2048
399 815
400 143 2347
401 1208 456
402
403 294 874 461 1168 1939
404 2 812 1250
405 1096
406
407
408
409 1741 382
410 1101 2407
411 659 1917
412
413 2054
414 407 2332
415 3 1889
416 311
417 539 805
418 1892 2275
419 635
420 35
421 580
422 804
423 1848 2364
424
425
426
427
428 123
429 2218 2408
430 2192 1128 1351
431 2355
432
433 829
434 985
435 1670
436
437 2400 1060 1969
438 1263
439 1648
440 1227
441 1929 497
442 1021
443 2029 1688
444 1093 472
445 2289 791 1145
446
447 352
448
449 221 1643
450 1259
451
452 2484
453 1487
454 346
455 122 920 1476
456
457 2315
458 2071 1927
459 1057
460 430 2173
461 2074
462 1540
463
464
465
466
467 2206 2053
468 1860
469
470 1621
471
472
473 1859
474 1387 2027 593 2063
475 1539
476 460 292
477 2246 1598
478
479 1832 2131 2381
480 1032 1084
481 995
482 72 1516
483 2385
484
485
486
487
488
489 2313 1059
490 513
491
492
493
494 612
495 176
496 611 2297
497 951
498 592
499 13
500
501
502 1427 2423
503 333
504 351 2250
505 531
506 2070
507
508 1507
509 347
510 55
511
512 1315
513 825
514
515
516 1526
517 1340
518 1164 535
519 2483
520 994 1215
521 91 511 594
522 37 1649
523 334
524 2318 916
525 2456 112 1604
526 795
527 323
528
529
530 2353 388 928
531 2309 780
532 227 1429
533 632
534 1222 324
535 1975
536 1242
537 570 711
538 2028 1532 523 922 2461
539
540 1696
541
542 2007
543 1862
544 769
545 899 1613
546
547 2474
548
549
550
551 2373
552 132
553
554 348
555 2181
556
557 596 761 1113
558 1029
559 58
560 1738
561
562 721 1787
563 427 1056
564 2020 337
565 1495
566 971
567
568 262 763 1754
569 1290
570 1219
571 2186
572 1873
573
574 2417
575 1747 2197 2268
576 1316 741 1525
577
578 1490 354 654
579 121
580
581 2475
582 1821
583
584
585 18 150
586 2371 1954
587 1251
588 2350
589
590 709
591 2045 2231
592 1897 2383
593
594 797 2108
595 1845
596 462 1731
597 12 1149 2142
598
599 1453
600 1309 1417
601
602 1218 737
603
604 4 1363
605 946
606
607 1201 1875
608
609 1903 257
610
611 869 1306
612 1083 2276
613
614
615 2499 1354
616 224
617 9 725 2254
618 1402
619
620 2005
621
622
623 1552 450
624 2325 2084
625 2416
626 2272
627 2473
628
629 1874 707 749
630 1594 1202
631 1019
632 331
633 260
634 1321
635
636 585
637 2394 1073 1684 1807
638
639 2452 512 1044
640 1928 2219
641 619
642 1514
643 633
644 254
645
646 1107
647
648
649 2169
650 859 116 758
651 1974 1345
652
653 520
654
655
656 1955
657 416
658 2141 2113 1756
659 1692 582 935 1997
660 1847
661 1181
662 753 987
663 1253
664
665 559 2426 1260 1953
666 1188
667
668 506 2088
669
670 1935
671
672 2445
673
674 1213
675 597 1817
676 877 384
677 1560 1152
678 755
679
680 1205
681 779
682 424 2116
683
684 2338
685
686 1951 1715 373 541
687
688 1468
689
690 2030 1460 1742 2358
691 2271
692
693 571
694
695 291 950
696
697 2092
698
699 2374 678 2115 2321
700
701
702 92 2083 1203
703 841
704 728
705 368 685
706 2221
707 1864
708 514
709
710 1831
711
712 1898 610 1024
713
714 338
715 1820 1124 1134
716 1512 717
717
718 1142 2080
719 602 1976 598
720 223 1499
721 136
722 500
723
724 2302
725
726 66
727 1966
728
729
730
731 2357
732 261 1701
733 2478 140
734 95 1326
735
736 2121 2055
737
738 897 2199
739 574 1226 603
740 1620 106
741 1017
742 2187
743 366 465
744 67 464 569
745 1698 1711
746 1143
747 54
748
749 1537
750 1014 2019
751 1197 757
752 248
753 699
754 1336 1990 2404
755
756 156 1333
757
758 300
759
760
761 1639 2223
762 1587
763 1356
764 1906 1484
765
766
767
768 1053 747
769 420 391
770 1399 144
771
772 2185 1838
773 2042
774 599
775 878
776 2477
777 2026 293
778 2224 256
779 703 65 1766
780 561 1752
781 44 881
782 778
783 969
784 768 1918
785 1140
786 770
787 154
788 631
789 189
790
791 1884 1088 2410
792
793
794
795 1307
796
797
798
799 317
800
801
802 2118
803 1536 1001 1415
804 796
805
806 7 39
807
808 1106
809 225 2094 955 1204
810
811 892
812
813 1913
814
815
816 59
817
818
819 1923
820 1172
821 73 2351 2093
822
823 860
824 93 1018
825 2319
826 1652 1455
827 722 2050
828 400
829 810
830 915
831 266
832
833
834 120
835
836 563
837
838 240
839
840
841 2229 229 2198 2081
842 1920
843 2457
844 1171
845 1446 147
846 1439 1660 839
847
848 1287 1120 1833
849 276 1760
850 185 771
851 1549
852 175 2421 692
853
854 2034
855 1584 1175
856 1200
857 395 1638
858
859 102 1616
860 127
861
862 954 1830
863 2012 1444 1492
864
865 911 1015
866 409
867
868 752 1786
869 1118
870 340
871
872
873 1166
874 1564
875
876
877 1612 1556 1193
878 651
879
880 1262
881 1372
882 172
883 1151
884 1522 900
885
886
887
888 1094
889 2429
890
891 1810 2244
892
893
894
895 169 2310
896 481 551
897
898
899 494
900 2449
901
902 937
903
904 1891 397
905 1716
906 845
907
908 542
909 1683
910 1254
911
912 457
913
914 82 670
915 2049
916
917 1702
918 496 2387
919 1846 1223
920 2372 1521 1624
921
922
923
924
925
926
927 821 1458
928 868
929 2424 1577
930 2036
931
932 1012 1430
933 1086
934 1040 207 1568
935
936
937 684
938
939 160
940 1661
941 1220 2418 1941
942 2419
943 2389
944 904
945 1023
946 665 280 1504
947 660
948 527
949 1433
950
951
952 316
953
954 1665
955 666
956 8
957 1389
958
959
960 310
961 652
962 358 1246
963 1092 993
964 888 393
965 1573
966
967 634 1529
968 673
969 1135
970 1174 62 2062 1225
971
972 1139 1265 1932
973 1550 220
974
975 436
976 733 776 2299 1414
977 1104 1546
978 1967
979 624 2243
980
981 2476
982 518
983
984 1905
985 1728 2251
986 2056 2382
987
988
989
990
991 23
992 113
993
994
995
996
997 814
998 1089 177 2453
999 15
1000 1791
1001
1002 2278
1003
1004
1005
1006 1383 1271 2367
1007
1008 231
1009 183
1010
1011
1012 1829
1013 1436
1014 79 1055 1072
1015
1016
1017 1554 1816
1018 565
1019 1798
1020
1021 607 1530
1022
1023 1956
1024 2465
1025
1026 1802
1027
1028 1368 1294
1029
1030
1031
1032 1127
1033
1034
1035 2177 2136
1036
1037 967 2225 1163
1038
1039 118 304 1844
1040 411 766
1041
1042 237 330
1043
1044 794
1045 2140
1046
1047 1400
1048 487
1049
1050
1051
1052
1053 1210
1054 1310 2448
1055
1056
1057 1099
1058 1689 466
1059 1198 621
1060 1039 2298
1061 924
1062 1395
1063 1998 1693
1064 530 2087 645
1065 2267 1637 1605
1066
1067 1655
1068 1036
1069 1169 1390
1070 545
1071 16 186
1072
1073
1074
1075
1076 732
1077 2392 421 1054 2403
1078
1079
1080 1318 879
1081
1082
1083 367
1084
1085 2009
1086
1087 1379
1088
1089 1295
1090 1523 591 923
1091 1404 1650
1092 1774
1093 568 1541 2076
1094 1146
1095 822
1096 396 723 883
1097 1274 1999
1098 49 68 2425
1099 2002 2333
1100 1718
1101
1102
1103
1104 1065
1105 146
1106
1107 1061 1590
1108 319 2015
1109 198 295
1110 808
1111 2072
1112 2211
1113
1114 1697
1115 2406 2201
1116 252
1117 2306
1118
1119 799
1120 1091 1915
1121 211 315
1122
1123
1124 2463
1125
1126 114
1127 1199
1128 181
1129
1130 1863
1131 134 1826
1132 1264
1133 529 2335
1134 1359 1801
1135
1136 686
1137 473
1138
1139 503 2193
1140 1980 934 653
1141 2082
1142 912 830
1143 838 1561 1090
1144 2317
1145 1370
1146 1676
1147 2046
1148
1149 2227
1150 2301
1151
1152
1153
1154 244
1155 178 696 1933
1156 1105
1157 1865
1158
1159
1160
1161 165
1162
1163 301 2391
1164 87 824
1165 695 1482 1879
1166 832
1167 2253
1168 1102
1169 357 626
1170
1171 90
1172
1173 826 1009
1174 1713 241 1569
1175
1176 2179 793
1177 2432 1501 1777
1178 139 197 1176
1179 1471
1180 730
1181 152
1182
1183 369
1184
1185 187 440 1910 2420
1186 1302 2145
1187 41 378 2137
1188
1189
1190 51 1448
1191 976
1192 2409
1193
1194 1123
1195 809 2345
1196
1197 42 485
1198 519
1199 1963
1200 1441
1201 445
1202 1352
1203
1204
1205
1206
1207 270 831 921
1208 2497
1209 115 1322 138
1210 1401
1211 32 1426
1212 2342
1213
1214
1215
1216 1076
1217 2168
1218 576 2323
1219 694
1220 401
1221 2344
1222 929 909 155 321 376
1223 2217
1224 390 978 2090
1225
1226 1737
1227 655
1228 142 835
1229 297
1230 2247
1231 743
1232 2153
1233 1325
1234 70 745 1857
1235
1236
1237 842 2041
1238 1544
1239
1240
1241
1242 1944
1243
1244 1136 477
1245 2446
1246
1247
1248 230 1936
1249 107 2294
1250 1392 1457 1669
1251
1252 1876
1253
1254 99
1255 1585 2190
1256 538
1257
1258 968
1259
1260 2270
1261
1262 1317
1263 697
1264 96 184 765
1265 2459
1266
1267
1268
1269 727
1270 47 989 1595
1271
1272 898
1273 1812 2114
1274 135 130 1608
1275 1301
1276 1421
1277 313 1627
1278 960 1610 1646
1279 2277 196
1280
1281 1797
1282 1189
1283 1423
1284
1285
1286 1279
1287 1491
1288 52
1289 2124 2413
1290 1733
1291 891 1645
1292 2159 167 2442
1293 887
1294
1295 2230 2288 78 1908
1296
1297 191
1298
1299 1700
1300
1301
1302 1768
1303 1276
1304
1305
1306
1307 2472
1308
1309
1310
1311 320
1312
1313
1314 1965
1315
1316 2130
1317 1470
1318 1413 2171 807 1006 1148
1319 1256 1593 875
1320
1321 2405
1322 1931 104 1177
1323
1324
1325 1867
1326
1327
1328
1329
1330 973 1244 914
1331
1332
1333 2256
1334
1335 448
1336 1988 823 1706
1337
1338 1893 458 2469
1339
1340 543 1746
1341 846
1342
1343
1344 2343
1345 1478
1346 762
1347
1348
1349 667
1350 680
1351 1038 1934
1352
1353 2363
1354
1355 335
1356
1357
1358 180
1359 1567
1360 1232 2467
1361
1362
1363
1364
1365
1366 895
1367
1368 1644
1369 1811
1370
1371
1372 1858
1373 2128
1374 884 932 2390
1375 1469 2109
1376
1377 81
1378 2468
1379 1477
1380
1381
1382 1488
1383 1388
1384
1385
1386 1339
1387 905 2285
1388 1243
1389 2380
1390 1252
1391
1392
1393 298 790
1394 528 2330
1395
1396 375
1397
1398 286 501
1399 1767 1784 902
1400 282
1401 205
1402
1403 533 1819 212 836
1404 1717
1405 1154
1406 2011
1407 1114 1451
1408 2495 31 1182
1409 1288
1410 14
1411
1412 1849
1413 1678
1414
1415
1416 2397
1417
1418
1419
1420 1950
1421
1422
1423 2195 2134
1424 1772
1425 202 1565
1426 43 45
1427 803 2085
1428 980 996
1429 259 1658
1430
1431
1432 801 1068
1433
1434 1358 1082 2262
1435
1436 489 515
1437 1211 22
1438
1439 782 1834
1440
1441 105
1442
1443 2440
1444
1445
1446 1675 2375
1447
1448 245 1943
1449 691
1450 2068 2086 848
1451
1452 615 1485
1453
1454 1991
1455 153 1671
1456
1457 2008
1458 677 2032
1459 137
1460
1461 1016 1385
1462 1329
1463 2155 939
1464 5 268 2494
1465 1852
1466
1467 2360
1468 1677
1469 442
1470
1471
1472 2287
1473 604 2235
1474
1475 532
1476 2443 1960
1477
1478
1479 540 1422
1480 2237
1481 86
1482 1591
1483 26 148
1484 64 1870
1485 1185 657
1486
1487 2123 61 1842
1488
1489 1269
1490 1483 1996 2370
1491 1634
1492
1493
1494 2214
1495 1694
1496 674 1300
1497
1498 1270 844 285 463 584
1499 2194
1500
1501
1502
1503 1776
1504 2481
1505 1647
1506
1507 1496
1508
1509
1510
1511
1512 866
1513 1497
1514 2038
1515 1190
1516
1517 364
1518 2023
1519 74
1520
1521
1522 2433 1602
1523 509
1524 2434
1525
1526 21
1527 1191
1528
1529
1530 589 1313
1531 566
1532 2105 1641
1533 287
1534
1535 2401 2149
1536 999
1537
1538
1539 253
1540
1541 1535
1542
1543 966
1544 228 1942
1545
1546
1547 342
1548
1549
1550 2144 2212
1551 1531
1552 813 1074
1553
1554 1069 656 1977
1555 930
1556 192 1312 2172
1557
1558 1979 371 1431
1559 2365
1560 374
1561 1192
1562
1563 1234 2099
1564 2341
1565
1566 1349
1567
1568 903 2368
1569 1989
1570 1133
1571 581
1572
1573
1574
1575 168 1062
1576 548 864
1577
1578 2151
1579 1574
1580 1682 288
1581 2450 2470
1582
1583
1584 1097
1585
1586
1587
1588 735
1589 208 1034
1590
1591
1592 1962 2269
1593 1277 1520
1594 1799
1595
1596 398 413 2073
1597 161
1598
1599 1596 683
1600 1033 1957
1601
1602
1603 263
1604
1605
1606 1872
1607 269 862
1608
1609 1432
1610
1611 847 1369
1612 1995
1613
1614
1615 2412
1616 402 2242
1617
1618
1619 1575
1620 716 1335
1621 296 468 2126
1622 1755
1623 2152
1624
1625
1626 499
1627 238
1628
1629 2119
1630
1631
1632 1984
1633
1634 595 1411
1635 798
1636 647
1637 849
1638 690 1304
1639 1855
1640 236 267
1641
1642 1438
1643
1644 1013
1645 1739
1646
1647 1020
1648 927 2103
1649 164 1901 925
1650
1651
1652 2065 1255 1614
1653
1654 992
1655 2183 1167 2001
1656
1657
1658
1659 109
1660 1571 1445
1661 2158 345 975
1662 1406 2202
1663 1843
1664 1207
1665 1347
1666 1921
1667 1631
1668 2164
1669
1670 432
1671 1782 2040
1672 573
1673 195 2447
1674 553
1675 986
1676 640
1677 385
1678 962
1679 2170 641
1680 1727
1681 981
1682 2216
1683 2135 2043
1684
1685
1686
1687 406 1245
1688 281
1689 644 2487
1690
1691 2352
1692 170 1633
1693 322
1694
1695 1623 1241
1696 608
1697 482 119
1698 1714
1699 1273 1130 2095
1700
1701
1702
1703 1355 618
1704
1705 2427
1706
1707
1708
1709 438 1087 1785
1710 1489
1711
1712
1713 524
1714
1715 1780 693
1716 1721 857 2436
1717
1718
1719 2491
1720 834
1721 910 738 1454
1722
1723
1724
1725
1726 1555
1727 2393 1749
1728 306
1729 2069
1730 744 235
1731
1732
1733 1196
1734 2010
1735 1992
1736
1737 1629 1710
1738 1559
1739
1740 726
1741 2273 2245 1063 1948
1742
1743 739 784 613
1744
1745 103
1746
1747 470 1153 2174
1748 360 701
1749
1750
1751
1752 2016
1753 1793
1754
1755 1707
1756
1757
1758 2239
1759
1760
1761 1919 1481 2362
1762 350 2312 2117
1763 1986
1764 85
1765
1766
1767 2257
1768 2180
1769
1770
1771 913
1772
1773
1774 97
1775 586
1776 1292
1777 1837
1778 936 1158
1779 327
1780 639
1781 1052
1782 1533 649
1783
1784 1902 2156
1785
1786
1787 965
1788 84
1789
1790 1435
1791
1792
1793 2479
1794 1416 1267 2376
1795
1796 1769
1797 785
1798 2146 1026 1337
1799 1924
1800 1949
1801 1894
1802 2489
1803 1964
1804 1398
1805 387 579
1806 188
1807
1808
1809
1810
1811
1812 492 2106
1813
1814
1815 2207 1111
1816 628
1817
1818 1027 1940
1819 474
1820 1286
1821 1042 783
1822 1925 1284
1823 34 2428
1824
1825 605
1826
1827
1828
1829 575 1456
1830
1831 525 1640 1420
1832 1982 343
1833
1834
1835
1836
1837
1838 1045 759
1839 858
1840
1841
1842 251 307
1843
1844
1845
1846 2378
1847
1848
1849 1691 459
1850 1043
1851
1852 2161
1853 2464 1117
1854
1855
1856 290
1857
1858 2356
1859 1070 423 774
1860
1861 365
1862
1863
1864 249 818 2490
1865 441
1866
1867 856
1868 2175
1869 564
1870
1871 1064 1911
1872
1873
1874 33 2486 255 1987
1875
1876
1877 1007
1878
1879
1880 1240
1881 1075
1882
1883
1884 272
1885 157 1909
1886
1887 1578
1888 970 629 772 1611
1889 1626
1890
1891 1396 2359
1892
1893 24 2031
1894 1686
1895 861 2324 2411
1896 609
1897 1947
1898 2498
1899 663
1900 232 1804 309
1901 471
1902 2282
1903 190 2110 938 2451
1904 2339
1905
1906 38 1659
1907 362
1908 990
1909
1910 1978 1348
1911
1912 110 1004
1913 1035
1914 486
1915
1916
1917 1131
1918 767
1919 1249 2431
1920
1921
1922 100 158 1381
1923
1924 11
1925 75 2286 550 961
1926
1927 370
1928 1341
1929 243
1930 1704
1931 740 381
1932
1933 1708 2458
1934
1935
1936
1937
1938 630 1353
1939
1940
1941
1942 1132
1943
1944
1945
1946 1459 1765
1947 2129
1948
1949 1408
1950 622 1324
1951 977 1266
1952
1953
1954 662 1461 1723
1955
1956
1957
1958
1959 1078
1960 1360 1346 2133
1961 1233
1962 131 1314 1601
1963
1964 1338 2304
1965 952 1548
1966 446 700 1841
1967
1968 277 1394
1969 1619
1970 2386 988
1971 1216 2398 1528
1972
1973 917
1974 688
1975
1976 549
1977
1978 918
1979 1067 642
1980 714 1771
1981 1883
1982 201
1983 219
1984 1098
1985 2051
1986
1987
1988 10 1788
1989 1440
1990 2283
1991
1992 1209 2361
1993 2316
1994 2154
1995 29
1996
1997
1998 2480 2259
1999
2000 567
2001
2002 1653
2003 2290
2004 562
2005 534
2006 1425
2007 1938
2008
2009 940 2377
2010
2011 1922
2012 151 943
2013 1126
2014
2015
2016
2017 1524
2018
2019 1364
2020 715 1475
2021 1384
2022
2023 997
2024 278 1576 1327
2025
2026 775 449 1630
2027 199
2028 289
2029 1592 748
2030 840
2031
2032 1907 760 1518
2033
2034 1825
2035 617
2036 475
2037 1268 1386
2038 1293
2039
2040
2041
2042 817 1973 1184 1221
2043
2044
2045 1914
2046 410
2047 425
2048 2292 2320
2049
2050 2395
2051 1758 386
2052 2291
2053 792
2054 1904
2055 428 865
2056 944 1823 1479 2455
2057 2328
2058 1606
2059
2060 98
2061 1680
2062 422
2063 871 1625
2064 1282
2065 2265
2066
2067 521 689
2068 1735
2069 578 1480 383 1543
2070 1206
2071 1283
2072 27
2073 1759
2074
2075 1806
2076
2077 777
2078
2079 890 2261
2080
2081
2082 2334 706
2083 756
2084 414
2085 2280 1657
2086 544 668
2087 399 1542 1617
2088 2314
2089
2090
2091 204
2092 2303 1449
2093
2094 265 125 1058
2095
2096
2097
2098 129 1972
2099 2022
2100 718
2101
2102 1116 1517
2103 982 637
2104
2105 2384 1856
2106
2107 2349 1734
2108
2109 336 1186
2110 947
2111 1824
2112 2354 1673 418 1586
2113 1751
2114 1508
2115
2116 1890
2117 2366
2118 880 2388
2119 2024 2234
2120
2121 36
2122
2123 48 1509
2124 1515 1687 1320
2125 901
2126 1663
2127 800
2128 1566
2129 933
2130 124
2131 488
2132 273
2133
2134
2135 1885
2136
2137 646
2138 1428
2139 329 672
2140 948
2141 1380
2142 889 1162
2143
2144 453
2145
2146 216 69 2492
2147 1729 101
2148
2149
2150 498
2151 2226
2152 476
2153 2150
2154 625
2155 17 1712
2156
2157 1391 1705
2158 1580
2159 1664 1719
2160 1887
2161 1115 1217
2162
2163
2164 1077
2165 854
2166
2167
2168
2169
2170 2188
2171 1589
2172
2173 264
2174 1926
2175
2176
2177 502 479 873
2178
2179 746 886 983 1308
2180 682
2181
2182
2183 751 2066
2184 872
2185 171
2186
2187
2188 1775
2189 664 2305
2190
2191 1667
2192 2233 495 1323
2193 200 2240
2194
2195 163 408
2196
2197 851
2198 312 1599 1170 2196
2199
2200 1597 339
2201 380 638 1296
2202 537
2203
2204 57 1005
2205 1730 1900
2206 111 1344 2039
2207 1748 1839
2208 353
2209 1452 1187 2021 1502 2143
2210
2211
2212
2213 209
2214 750
2215 88 2125
2216 2147 217
2217
2218 1141
2219 443 577 1827 2264
2220 1110
2221 1757 2441
2222 1028
2223
2224 1229 1642
2225 318 1156 1382
2226
2227 547
2228
2229 1319
2230 1403 1815 467
2231
2232 2101
2233 1800 126 536
2234 1285
2235 1764
2236 326
2237 46
2238 2184
2239 1407 876
2240
2241 1214 2438
2242
2243
2244
2245 1109
2246 2430
2247 1122 1790
2248
2249 2060 2460
2250
2251 1350
2252
2253
2254
2255 787
2256
2257 2249
2258 133
2259
2260 302 1373
2261
2262
2263 806 2415
2264
2265 179 687
2266 1912 1393
2267 941 2014
2268
2269
2270
2271 1155 2138
2272
2273 1412
2274 455 2258
2275
2276
2277 510
2278
2279
2280 2399 1239
2281 712 708 1046
2282 1946
2283 1527
2284 2035 820
2285
2286 1048 1553
2287 141
2288 1224
2289 405
2290 1362 1367
2291
2292
2293 1212
2294
2295 1374 1235 2340
2296 1783
2297
2298 2379
2299 1236
2300 30 1937
2301 1331 2279
2302
2303 2209 419
2304
2305
2306 819 1291 1510
2307 83
2308 675
2309 308 833
2310 1002 2232
2311 444 2017
2312 1237
2313 781
2314
2315
2316
2317 1779 454 671
2318 356
2319 439 2057 2437 1334
2320
2321
2322
2323 193
2324
2325 828 215 305
2326
2327 786
2328 437 1180
2329 490
2330
2331
2332
2333
2334 1726
2335
2336 1773
2337 2165 325
2338
2339 1160
2340
2341 389
2342
2343
2344
2345
2346
2347
2348 1778
2349 669
2350 1121
2351 1930
2352 764 40
2353 6 1328
2354 80 1375
2355 1144
2356
2357
2358
2359 1878
2360 1418
2361
2362 1836 1868
2363
2364
2365 526
2366 1298 2120
2367
2368
2369 650
2370
2371 1228
2372 2205
2373
2374 517
2375 1877
2376
2377 2311
2378 377 145 1699
2379
2380
2381
2382 1740
2383 1958
2384 850 1474
2385 616 1047
2386 431
2387
2388
2389 332
2390
2391
2392 2236
2393 676
2394 560
2395
2396
2397 1281 2329 852
2398 811 2003
2399 1985 2307 433
2400 2327
2401 1636
2402
2403
2404
2405 1289
2406 108 2033
2407 1493 2439
2408 984
2409 870
2410 1112
2411
2412 1724
2413 1299
2414 2191
2415 1895
2416
2417 20 279 698
2418 2091
2419 435 2482
2420 1750
2421 1971
2422 1275
2423
2424 363 1896 1025
2425
2426 1762
2427
2428 926
2429
2430 508
2431 1562
2432 552
2433 627 2111
2434 1409
2435
2436
2437 284 1466
2438
2439 1651
2440 2018
2441
2442
2443 480
2444 434
2445
2446
2447
2448
2449
2450
2451 2414 2203
2452 173 1003
2453 648 1258
2454
2455
2456 1803
2457 1668
2458 2396
2459 1377
2460 942
2461
2462 25 379 2435
2463 1674 1899
2464 546
2465
2466 1813
2467 2122
2468
2469 2112 89 606
2470
2471 1442
2472
2473 1871 554 2178
2474 2075 590 1150
2475 2004
2476
2477 1809
2478 60 1303
2479 1725
2480 2067
2481
2482
2483
2484 827 1424
2485 1085 2238 1866
2486 734
2487
2488 1563 1051
2489 931
2490
2491
2492 206 587 2037
2493
2494
2495 1195
2496
2497 53 729
2498 2274
2499 194 1138
