#/Users/schmidt73/Desktop/fastppm-data/bin/simulate.py --mutations 2500 --samples 3 --coverage 1000 --seed 9 --output sim
# GMT Fri Sep 13 14:39:30 2024
# 
0 183 353
1
2 275
3
4
5 189
6 32 165
7
8 823
9
10 1846 1778 364
11 1367
12
13 24
14 409
15 273
16
17
18 300 848
19 2149 376
20
21
22
23
24
25 1924 424 1614
26
27
28 1640
29 577 1243
30 1954 2198
31
32
33 1650 163 1543
34 1354 707
35 331 411
36
37
38 2436 2241
39 926 510
40
41 526
42 1126 1352
43 2228 2093
44 1575 374 1654 2224
45 1635 1252
46 2204
47 2307
48
49 78 1718
50 2433
51 1735
52 266 804
53
54 862 1365
55
56 626 2223
57
58 1021
59 2041
60 2111
61
62 1653 548 787
63 153
64 1468
65 1638 1833
66 2207
67 1110 2058 827 2383
68 588 1753
69
70
71 1948
72 1096 1147
73 2282
74 628 2251
75
76
77 2079
78
79 590 904
80 685
81
82 343
83
84
85 38
86
87 42
88 55 557 1907
89 416 2029
90
91 927 1678 1428
92 972
93
94 204 629
95 1311 2344
96
97 95 134
98 1495
99 2358 1843 2421
100
101
102 2239
103 1637
104 2232 2305
105 1390
106 1310
107 156 818
108 2270
109 332
110 1276
111 36 1087
112 1200 2173
113
114 169
115 1606
116 241
117
118 1454 1535
119
120
121 1006 1159
122 1995
123 899
124
125
126 1890
127 1425
128
129
130 1940 2445 1698
131 455
132
133 2221
134
135 1714
136
137 1796
138 754 221 1166
139
140 2201 2119 1099
141 199 2184
142 651 796 1947
143
144
145
146 1850 271
147
148 1973
149 2264 2137
150
151
152
153 39 1103
154 1050
155 2191
156 693 2484 1057 922 984 2091
157
158
159
160 30 1209
161 1024 1579 1845
162 2167
163
164 173
165 267
166 1716
167
168
169 2470 678 2189
170
171 154 914 1168
172 568 1061
173 1431
174
175 986
176 1306
177 963
178 464 1460
179 452 643
180 1728
181 29 1813
182
183 219 1514
184 970
185 618 682
186 418 159 1562 1207
187 2453
188
189 958
190 852
191
192
193 801
194
195 2448
196 1722
197 492 2176
198 2472 887 1430
199
200 1232
201 1942
202 783
203 1193
204 1299
205 561
206 394 2309
207 691
208 426
209 366
210
211 73 676 1578
212 522
213
214
215 1802 1109
216
217
218 356 1115
219 2438
220 542 1145 1604
221 1287
222
223 1881
224
225 137 1732
226 2076
227 249
228 1944 1636 938
229 43
230 1467
231
232 1905 1960 1965
233 1725
234
235 1055
236
237 2046
238 390
239 580
240 475 1501
241 1309 1818
242 1504
243 1225
244 602
245
246 1505 505
247
248 284
249
250 740
251
252 946
253 689 957 1181
254
255 2039
256 1679
257 1188
258 1736
259
260 399 2020
261 147
262 1272 1871
263
264 225
265 1648 1154
266 1426 395
267 2308
268 1067
269 116
270
271 1043 1039
272 23 211 2063
273
274 1244 524 1320 2458
275 2107 2491
276
277 837 2038
278
279
280
281 47 1658
282 1234
283 845 1208
284 606
285
286
287
288
289 1623
290 2231 421 723
291 1590
292 871
293 673
294
295 2384
296 1421
297 1030
298 166
299
300
301
302 143
303 2128 461 698
304 34 360 2424
305 776
306 27 1541 1486
307 2163 2442
308 1206
309 954
310
311 1799
312 1958 1380
313
314 2340
315
316 433
317
318 1418 835
319 2350
320 710
321 2088 2332
322 605
323
324 745
325 1479 1817
326
327 537
328
329
330 514 1153
331 846 1059 2135 1389
332 753
333 777
334 773
335
336 1256
337 469 2336
338 244 2083 511 2144
339 539 877
340
341 1489
342 1393
343 1397
344
345
346 215
347 832 994
348 1047 1326
349 1570
350 519
351
352 190
353 674 231 1994
354
355
356 1547
357 1982
358 359
359
360 1158 498
361
362 2245 2180 1524
363 1760 2126
364 1403
365
366 763 1328
367 778
368 90
369 1906
370
371 595
372 2301
373
374 98
375 1035 2461
376 1625 858
377 692 582
378 13
379 403
380
381
382 715
383 1709 1913
384
385 1518
386 1646 1673
387 1217 1914
388
389 2140 2289 1517 1439
390 2373
391
392
393
394
395 1957 252
396
397
398 2115 1934
399
400 1939 146
401 83 855
402
403
404 251 1523
405 216 810 1477 1531
406 389 210 1178
407
408 739 1032
409
410 2382 2408
411 1807
412 1952
413 1559
414 545 1251
415 1277 2370
416 2395
417
418 1266 2257 2351
419 2095 2125
420 1114 1747
421
422 1979 1854
423 255
424 1023
425
426 1363
427 815 1213
428
429 562
430
431 975 2269
432 232
433 1387 347
434 1861 1350
435
436
437 555
438
439
440 547 60 248
441 2171 312
442 2040 483 583
443 9 1668
444 1132
445
446 1348
447 2291
448
449 1343
450 2394
451
452 1737 1295
453
454
455
456 2428
457 398 744
458
459 1143 1765
460 1044
461
462
463 713
464 1828
465 662 772
466 1262 1925 907 489
467 1458 318 1001
468
469
470
471 2455
472 1704
473
474
475 2 2364
476 1157
477
478 1092
479
480 422 2237
481
482 733
483 2469
484
485 2045 2405
486 1565
487 2437 304 1963 1694
488 2059
489 1506
490
491 591
492 1427
493
494 869
495
496 1297
497 1247 1628
498 2426
499 658
500 1593
501 1255
502 2462
503 118
504 1135
505
506 2476
507 357 2478
508 977
509 2415
510 1696 2153
511
512
513
514 1931
515 1098 242
516 311
517 1512 2352
518 1378
519
520 1811
521
522
523 1634 1689
524
525 817
526
527
528 443 1767
529
530 1951
531 132 319
532 640 301
533 2100 265 2007
534 493
535
536
537
538
539 1859
540
541 1988 803 288
542 630 1545
543 2227
544 762 1959
545 2172
546 2187 1053 2056
547 770 623 2311
548
549 1283
550
551
552 261
553
554
555
556 751
557
558 2078 1598 1539
559 391
560 328
561 1394
562 264 1991 2218
563 933
564 1766 1490 1204
565
566 1927
567
568
569 176
570
571 2216
572 1821
573
574 589 586
575 1259
576
577 112 404 1857
578 2002
579 314
580 2170
581
582
583 2192
584
585
586
587
588 2071
589 1809 1222
590 478 1301
591
592 1474
593 1187
594 17 123 1457 2368
595 2130
596 1536
597 1896
598 947
599 1968 1085
600 93
601 2486 652
602 760
603
604 919
605 571
606 2390 258
607
608 758 2089
609 729
610 228 2288
611
612 495
613 2495
614 1303 1179
615
616
617 1915 369
618 420
619 1068
620 1936 1554
621 991
622
623 457 323 1831
624 1194
625 936 1667
626 1465
627 2335
628 335 615 1131
629 920 985
630 728
631
632
633
634 1751 1314 1480
635 726
636 1727 584
637 638
638
639
640 1312
641 1781
642 1617
643 456
644 1245
645 1149
646 509 1697 2062
647 1853 660 1740
648
649 1485 2250
650
651 891
652
653 104
654 1581 1588
655 1662 330
656 2032
657 2369
658
659
660
661 1603
662 2098
663 317 997
664 2471
665
666 735
667 1723
668
669 2402 923
670
671 971 1033
672 2108
673
674 636 789
675 135
676
677 614
678 2483 1372
679
680 1223 1429
681 1000
682
683 177 1106
684 859
685 1556
686 1891
687 943 925 1616
688 790 1227
689 2262
690 1525 1626 525
691
692 3
693 2376 250 1848
694
695
696
697 2164 1619
698
699
700
701 1146
702
703 1355 1903
704
705 998
706
707 1576
708 85 2266
709
710 517 780
711
712 1448 1757
713 208 1592 1706
714 2259
715 2316
716 142
717
718
719 1423
720
721
722 886
723
724
725 600
726
727
728 1060 1290
729
730 2110 1631
731
732
733 14 2138
734
735 888 1483
736
737
738
739 2116
740
741 75
742
743 967
744 1534
745
746
747
748 2321 2357
749 1003
750 786
751
752
753
754 1911
755 431
756 1338
757 326 585 1641
758
759
760 2151 415
761
762 1762
763 392 2096 2345
764
765 340
766 507
767 750 1235
768 40
769
770 2249 527 1329
771 16 992 1344
772 716
773 838
774 1072
775 587
776 2200 1805
777 1874 765
778 1079
779
780
781 1019 1674
782
783 860 1887
784
785 279 2493
786 432 1555
787
788 1992 607
789 1563 1172 2005
790 254
791 2454 1446
792 290
793 101 1794
794 1743
795 663 996
796 1138 1118
797 1552
798 1550
799 160 896 839
800 1516 959 2175
801 270
802
803 274
804
805 2499
806 1816
807
808
809 705
810 1130
811 405 1849
812 1258
813 767
814 1324 1210
815 1820
816 857 2019
817
818
819
820
821
822 655 1289 889 968
823 2235
824 2310
825 1265 1902
826
827
828 894 2053
829 856 194
830 1652 2326
831 2182 329 2334
832
833 1987
834 2131
835
836 2246
837 157
838 2420
839
840
841 2304 1125 407 2319
842 1466
843 2112 2281 1248 1404
844 670
845 536 2132
846 1296 1051
847 677 1977
848 581
849 1855
850
851 717
852
853
854 1201 276 1071 1275
855 100 1680
856 1376 80 1798
857 1630 1163
858 2460
859
860 1966
861
862 212
863
864
865
866 2236 1406 148 915 2212
867
868
869 951
870 544 611
871 2328 2243
872 1840 106
873 2329
874 1453 1462
875
876
877
878 1551
879
880
881 131
882 781
883 1932
884 1298 139
885
886 2256 262
887
888 1008
889
890
891 1864
892
893
894 1513 293
895
896 325
897 2366
898 1711
899
900
901
902 1703
903 1880
904 950
905 429 654
906 151
907 1386
908
909 1790
910 1953 987
911 634
912 645 313
913 128
914 1236
915
916 482 893
917 1413
918
919 2302 863
920 1970 840
921
922
923 1012
924 1941 1292 1774
925 185
926 990 79 2397
927 240
928
929
930
931 2267
932 282
933 299
934
935
936
937
938
939
940 1463
941 292
942
943 91
944 2008
945
946 1837
947 912 458
948 109
949
950
951 2315 65
952
953 978 285 1090
954
955 1022
956 1364
957
958 224
959
960 533
961 1838
962
963
964 195
965
966
967 530
968 2449
969 385
970
971
972
973 708 1100
974
975 1322 1553
976 2293 1810
977
978 1472 2146
979
980 1069 372
981 854 939
982 2320
983
984 1540 1621
985
986
987
988 72
989 1980
990 1522
991 168 1720
992 1584 632 820 1763
993
994
995
996 1983
997
998
999
1000 1793 1139
1001 1526 2161
1002 1780 2371
1003
1004
1005 559 1405 2407
1006 26 1111 1395
1007 145 1655
1008 1862 222
1009 294 995
1010 1945
1011 1659
1012
1013
1014
1015 71
1016
1017
1018 1155
1019 1497 1548
1020 84
1021 647
1022 2133 560
1023
1024 1284
1025
1026
1027
1028 113 2260
1029 895 2327
1030
1031
1032
1033
1034 1078
1035
1036
1037 1684
1038 1569
1039
1040 1615
1041 2047
1042
1043 144 868 1877
1044
1045 81
1046 2094 1777 902
1047 485 2238
1048
1049
1050
1051
1052 768
1053
1054 41 1492 1976
1055
1056 748
1057 499 2219
1058 669
1059
1060 2393 2081
1061
1062 1888
1063 451
1064
1065
1066
1067
1068 1455
1069 882
1070
1071 1036
1072
1073
1074 1481
1075 566
1076
1077 1594
1078 37 257 2298 2255
1079 2450
1080 843
1081 1160
1082
1083 50 1073
1084
1085
1086 1962
1087
1088
1089 1533
1090
1091
1092
1093 1142 108 179
1094 386
1095
1096
1097
1098 1464
1099 875
1100
1101 2127
1102 444 1327
1103
1104 683 1029
1105
1106 287
1107 268
1108
1109 425
1110 99
1111
1112 446 320
1113 980
1114 377 1340 2314
1115 1409
1116
1117 593 1744
1118
1119 1167 1705
1120 2303
1121
1122 1056 2480
1123
1124 2410
1125 358
1126 1664 1600 2279
1127 1291 1349
1128 1633
1129 230 714 1558 1128
1130 648
1131 864
1132 440 1669
1133
1134
1135
1136 1568
1137 538 1164
1138 388 556
1139
1140
1141 657 1269
1142 1476 1026
1143
1144 11
1145 1482
1146 1108
1147
1148
1149 973
1150 2049
1151 905 1499
1152 105 1117
1153
1154
1155 245
1156 1031 2003
1157 656
1158 1362
1159 798 2060
1160 1649
1161 901
1162 929 1770
1163
1164 1886
1165 911 1663
1166 1923
1167 1879 2226
1168
1169 2273
1170
1171 2356
1172 2057
1173 1356
1174
1175 5
1176
1177
1178
1179
1180 1768 2271
1181 1267
1182 346 1627
1183 1416 1691
1184
1185
1186 1899
1187 1371 1683
1188 627
1189 826
1190 1624
1191
1192 49
1193 666
1194
1195
1196 664 2465
1197 1999
1198
1199
1200 700
1201 604 2082
1202
1203
1204
1205
1206 757
1207
1208 1984
1209 233
1210
1211 534 637
1212 2217
1213
1214
1215
1216 518 930
1217 2457 467 56 1564
1218 697 1946 1042 2009
1219 1316
1220 298 736
1221
1222 865 883
1223 1622 2075 1253
1224 1806
1225
1226
1227 1986 1585
1228 1004
1229 1826 969 1074
1230
1231 1785 2429
1232 738
1233
1234 2452
1235
1236
1237 1758 2177
1238 1491
1239
1240
1241 752 2323
1242 1407
1243 1443
1244 766 1076 1769
1245 2240
1246 1791
1247 1341
1248 2272 484
1249
1250 1441
1251 1782 1048
1252 948 1148 1317 2447
1253 535 2203 2378
1254
1255
1256
1257 1601 2156
1258 295
1259 1
1260
1261 2295
1262 2054 900
1263 1693
1264 812 999
1265 1122
1266 316 88
1267
1268
1269
1270
1271 944
1272 1724
1273 565
1274 1034
1275
1276 1702 759 2381
1277
1278 1783 806
1279 2044
1280 434 1257
1281
1282
1283 569 1741
1284 1786
1285 1537
1286 1066
1287
1288
1289 235
1290
1291
1292
1293
1294 205
1295 1313
1296 450 2080
1297
1298 133 1561
1299 792 1119
1300 1620
1301 1510
1302
1303 625
1304
1305
1306 2139 2367
1307 488 1808 1687
1308 1815
1309 2413
1310
1311 1639
1312 442 2342 720 1195
1313 1016
1314 1136
1315
1316 2147
1317
1318 1797 2325
1319 1695
1320
1321 2330
1322 2050
1323
1324 649
1325 2422
1326
1327 993
1328
1329
1330 494 609
1331 579 1834 721
1332 621
1333 916
1334 2466 881 520
1335 321
1336 1080
1337 797
1338
1339 1388
1340 755 1876
1341 2064
1342 1699
1343 2425
1344
1345
1346
1347 1089
1348 209 1123
1349
1350
1351 138 874 1943 1369
1352 2388 1452
1353 1336 1609
1354 617
1355 814 2048
1356 345 2276
1357 124
1358 1013
1359 1858
1360 847
1361 414 2274
1362 1788
1363
1364 203 449
1365 1384
1366 1587
1367
1368 1150 1900
1369
1370 1436
1371 563
1372 379
1373 521
1374 2123
1375 1286
1376 2385 1104 1180
1377
1378 2386
1379 878
1380 551
1381 355
1382 1228
1383
1384 1583
1385
1386 2186 709 1612
1387 1595 2290
1388
1389
1390
1391 1961
1392 2399
1393 1996
1394
1395
1396
1397 2052
1398
1399 1025
1400 2365
1401
1402 620
1403 2162
1404 1632
1405
1406 2114
1407 1278
1408
1409 1304
1410
1411
1412 110 2099
1413
1414 315 1700
1415 2253
1416 1719
1417
1418 2468 794 1091
1419
1420 1379 2294
1421 115
1422 1754
1423 70 459
1424
1425 1399
1426 531
1427 699 934
1428 892 1882
1429 1156
1430
1431
1432
1433
1434 675
1435
1436
1437 234 1285
1438 791 182 2085
1439
1440 1974
1441 8 63
1442
1443
1444 833
1445
1446 1444
1447
1448
1449
1450 2406
1451 2026
1452
1453 2027 1589
1454 924
1455 197
1456
1457
1458 1832
1459 223 550
1460
1461 2001
1462 1017
1463 1937
1464 1020
1465 825 51
1466 2152 1121
1467
1468
1469 574
1470 1264 430
1471
1472 2222 2306
1473
1474 2190 1990
1475 879 1205 2430
1476 1822 1670 1776 2348
1477 2490
1478
1479
1480
1481 910 2229
1482 2362 2400
1483 1660
1484
1485 1675 2482 161
1486
1487 1192 2338 2355
1488 1230
1489 532
1490 703
1491 1908
1492
1493
1494
1495 476 1894
1496 1015
1497 18
1498
1499 339 481
1500
1501 367 491 2392
1502 1688
1503 2409
1504
1505 2103 737
1506 2141
1507
1508 2037
1509 2213
1510
1511 1392 2337 2387
1512
1513 2435 1170
1514 1478 1498
1515 1956
1516 553 1273
1517 1795
1518
1519
1520 1676
1521
1522 1591
1523
1524
1525 1183 1237 2451
1526 746 918
1527
1528
1529
1530
1531 1748
1532 1930 876
1533
1534
1535 516
1536 1261
1537 1127
1538 1712
1539
1540
1541 1366
1542 1873
1543 1077
1544 598 102 979 1374 1910
1545 2043 1532 361
1546
1547 2277 2494
1548 2042
1549
1550 1433
1551 2485
1552 1038 1097
1553
1554
1555 1897 2004
1556
1557 2230
1558 909
1559 513 2073
1560
1561
1562 749 1120
1563 201 1345
1564
1565
1566
1567 1701
1568 1883 819
1569
1570 22
1571 1916
1572 214 1414
1573
1574 805 706
1575 1010
1576 1967
1577
1578
1579 704 2416
1580 1186
1581
1582 1666 1215
1583
1584 322
1585
1586 641
1587 2398
1588
1589 363
1590 2492 1773 2205
1591 1721 1373 665
1592 2024
1593 1484
1594
1595 503 393
1596 1221
1597 668
1598 639
1599
1600
1601 949
1602 7 712
1603 808
1604 1162
1605 2160
1606 427 2150
1607 400 2318
1608 196
1609
1610
1611 653
1612
1613
1614
1615 1219
1616 302
1617
1618 2347
1619
1620
1621
1622 2489 1385
1623 10
1624 788
1625 350 635 1692
1626 1351
1627 460 1629
1628
1629
1630 401 1337
1631 2122
1632 1249
1633
1634
1635 77 384
1636 508 2312
1637 413 1422
1638 474
1639 1064
1640 849
1641
1642 785
1643 592 1401
1644 727 1461
1645 1938
1646 1889 2220
1647 873 1865
1648 342 1260
1649 608 1445
1650 1083 1898
1651
1652
1653 286 1580
1654 2265 1293
1655
1656 227
1657 1929
1658
1659 2443 2211
1660
1661 2134
1662 1129 470 1738
1663 1901
1664 1602
1665
1666 558
1667
1668
1669
1670 1112 237
1671
1672 2067
1673
1674 937 1488
1675 1182 59 383
1676
1677
1678 1007 1084 1359
1679 1824 2145
1680 1332
1681 12 1792 2488
1682
1683
1684 1102
1685 1419 2087
1686
1687 1095
1688
1689
1690
1691
1692 2496
1693 327 2117
1694
1695 351
1696
1697 898 1281
1698
1699 2196
1700
1701 601 202 1280
1702 2322
1703 2487 2331
1704
1705
1706
1707 1307 167 1396
1708
1709
1710 906
1711
1712 624
1713
1714 480 1424
1715
1716 681 1058
1717
1718 732
1719 291 186
1720
1721 58
1722
1723
1724
1725
1726
1727 272 1189
1728 2129
1729 2034
1730
1731 2181
1732 515 207 1863
1733 1546
1734
1735
1736 2210 1447
1737 1212 734 2072
1738
1739
1740 1644 1432
1741
1742 1199
1743
1744 756
1745
1746
1747 612 2456
1748
1749 2439
1750
1751 1928 917
1752 278
1753 310
1754
1755
1756
1757
1758 2188
1759 2028
1760 126
1761
1762 4 87 2183
1763
1764 309 1599
1765 1844 2354
1766 338 1197 578
1767
1768
1769
1770
1771 2090 2353
1772 1041
1773 141
1774
1775
1776
1777 821
1778 1381 867
1779
1780 2441
1781 1918
1782 140
1783 297 1239 1383
1784 149
1785 44 2165 1318 1803 2419
1786 2498 1730
1787 2280
1788 256 719 1254
1789 1250 92
1790
1791
1792 1107
1793 1681
1794
1795 671
1796 1165 305 2431 2474
1797
1798
1799 1325
1800
1801 1993
1802 2022
1803
1804 1487 213
1805 1749
1806
1807 490 1233
1808 2252
1809 1011 410 1729
1810
1811
1812 1756
1813
1814
1815
1816 940
1817
1818 702
1819 497
1820 136
1821 1867
1822 2278 180 1191
1823
1824 1151 162 1573 1825
1825
1826 1175
1827
1828
1829 2214 172 1597
1830 1173
1831
1832 1672 512 1101
1833
1834 1919 2473
1835
1836 960 1270
1837
1838 2102
1839 466
1840 238 2244
1841 307
1842 1319
1843 103 406
1844
1845
1846 296
1847
1848
1849 1656 1161
1850 349
1851 965
1852
1853 1586
1854 1893
1855
1856
1857 2136
1858
1859 454
1860 473 1530
1861 1226 1473 2097
1862 541
1863
1864 884 188 2333 1742
1865 1177
1866 2105
1867 850
1868 1190
1869 2242
1870 1449
1871
1872
1873
1874 1841 834 1981
1875
1876 2101
1877
1878
1879 774
1880
1881 1334
1882 2418
1883 2459
1884 2068
1885 46
1886 1734 1895
1887 2317
1888 53
1889 2055 540
1890 1496 120 747
1891
1892
1893 1814 1975
1894
1895
1896 1435
1897
1898 1370
1899
1900 1933
1901
1902 253 1752 2120
1903 619
1904 695 1184
1905 1784 1542
1906 764
1907 2412
1908 21 1005
1909 2234
1910 1852
1911 306 127 1402
1912
1913
1914 218 1509 945
1915 941 861 1502
1916 2000
1917 2154 500 1302
1918
1919 633
1920
1921
1922 1459 465 2477
1923 830 1049
1924 1607 2006 2036 1241
1925 1333
1926 743 836
1927
1928 1054
1929 28
1930 1434
1931
1932
1933
1934 2035 2016
1935 2084
1936 622 1198 1503
1937
1938 381 908
1939 2209 2179
1940 1839 1613
1941 2104 200 1643 2168 1989
1942
1943 373
1944 1353
1945 672 86
1946 371
1947 1511
1948
1949 1417
1950 1086 289 1469
1951
1952 1842
1953 603
1954 1800
1955
1956 220 171 1331
1957 170
1958 1438
1959
1960 477
1961 1216
1962 1909
1963 1985
1964
1965
1966
1967 1618
1968 2349
1969 1169 506
1970 119 1521
1971
1972 152 631 1268
1973
1974 575 596 1851
1975
1976
1977
1978 1685
1979 2030 982 1519
1980 462
1981
1982
1983
1984
1985 277 523
1986 396
1987
1988 1885
1989
1990
1991
1992 1263 1214
1993
1994
1995 2247 2375
1996 94
1997 730 1420 2010
1998 1382
1999 2361
2000
2001 1174
2002 974
2003
2004
2005 724
2006 348
2007
2008 1002
2009 1920
2010 696
2011 217 2023
2012 1733
2013 1955
2014 1342
2015 2159 1812
2016
2017 181
2018
2019 921
2020
2021
2022 1922 1330
2023 436
2024
2025
2026 1018 1493
2027 956
2028
2029 1224
2030 1771
2031 107 761
2032 2174
2033 439 1884 1529
2034
2035 2285
2036 486 659
2037 187 885 1823 2166
2038 616
2039
2040 1361
2041
2042 1972 782
2043 725 1028
2044
2045
2046
2047 1009
2048
2049 2324 543
2050
2051 2479 1475 1856 2061
2052 1926
2053 2374 2404 2261
2054 441 2109
2055 2286
2056
2057 644
2058 246 1745 1779 1921
2059 913
2060 2297
2061
2062
2063
2064 236
2065
2066 437
2067 1220 800
2068 1869
2069 928
2070 769
2071 1661
2072 1665
2073
2074 417 570 2268 952
2075 1412
2076 642 1507
2077
2078 192 502
2079 1093
2080 501
2081
2082 1398
2083 2017 191
2084
2085 1196
2086
2087
2088 260
2089
2090 811 2248
2091
2092 2359
2093 1294 1027
2094 1574 463 1300 1520
2095 1787 1935
2096
2097
2098 114
2099 1437 1671
2100 829
2101 2113 2339
2102 1229
2103 303 554 1346
2104 20 121
2105 1088 2403
2106
2107 25 853 1872
2108 771 831
2109
2110 2157
2111
2112 447 2444
2113
2114 96 380 679
2115 57
2116 1964
2117
2118
2119 412
2120
2121 1764 2379
2122 2434
2123
2124 1171
2125
2126
2127 784
2128 1572 1442
2129
2130 1571 1717
2131 308 354
2132 962
2133 528
2134 6 1065
2135 1202
2136
2137
2138
2139 953
2140 1400
2141
2142
2143
2144
2145
2146 1868 2296
2147 419 1528
2148 1829 1950
2149 362
2150
2151 89
2152 76 97 1470
2153
2154 397
2155 2481 2258
2156
2157 1144
2158 2014 2086
2159 942
2160 2423
2161
2162 445
2163 564 438
2164 1789 82 2360 1211 2142
2165 1305
2166
2167 1710 809 2313
2168 1282
2169
2170 1105
2171 198 408 1708
2172 269 2427
2173 1875
2174 572 966
2175 1185
2176
2177
2178
2179
2180 1997 2467
2181 1218
2182 1451 599
2183
2184 1998
2185
2186 337 1538
2187 2300
2188 130 1761
2189 2033
2190 243
2191 2051 1081
2192 684 731
2193
2194
2195
2196 1040
2197
2198
2199 1892
2200 370
2201 423 1323
2202
2203
2204
2205 1715
2206
2207
2208 2197
2209 2148
2210 283 2070
2211 613
2212
2213 1357
2214 2475 1917 2206
2215 1052 2225
2216 129 1772 779
2217 1508
2218
2219 1308
2220 2065
2221 2118
2222 2283
2223 1759
2224 1140
2225 828
2226
2227
2228 341
2229
2230
2231 741
2232 2011 1860
2233 33 813 1835
2234 68
2235
2236 594
2237 1819
2238 1651 1677
2239 2401
2240
2241 573 2015
2242 1279
2243
2244 504 1566
2245 2377 897
2246 807
2247 2069 1410 1560
2248 1408
2249 1274 344
2250 2414
2251
2252 263
2253 19
2254 903
2255
2256 2275 1726
2257 1045 2396 2092
2258
2259
2260
2261 1904
2262 650
2263 150 1339
2264 184 1133
2265 247 567 1605
2266 1610 2021
2267 989
2268 1360 2254 1746
2269
2270
2271
2272 1124 1596
2273 487 2077
2274 54 61
2275 842 890
2276 1713
2277 1544
2278 1094 48 667
2279
2280
2281 1804
2282 2025
2283 870 2178
2284 2464
2285 1549
2286 2233 1456
2287 15
2288 2215 281
2289 472
2290 1527
2291 111
2292
2293 453
2294
2295
2296 1755
2297
2298 365
2299
2300 1321 1775
2301 1471
2302 549 1014
2303
2304 1271 402
2305 1686
2306 718
2307 164 2194
2308 2411
2309
2310 1231 1176
2311 2343
2312 661
2313
2314 1682
2315 67 1062 2389
2316 387 471
2317
2318 1866
2319
2320 1949
2321 1046 1335 775
2322 496 1690
2323 1577
2324 45
2325
2326
2327
2328 35 125
2329
2330 1657
2331
2332
2333 428 2391
2334 468 1450
2335 694 2199
2336
2337
2338 2066 701
2339
2340
2341 610
2342 74 872 1645 1647
2343 69
2344
2345
2346 382
2347
2348
2349 1141
2350
2351
2352
2353 448
2354
2355
2356 988 2143 2440
2357 122
2358 1238
2359
2360 1608
2361 2287 1113 2363
2362 239
2363 841 1242 1750
2364 2372
2365 1582 1358
2366 1611 155
2367
2368
2369
2370 2012
2371 2299
2372 576
2373 1152
2374 2263 597
2375 1847
2376 793
2377 687 158 1203
2378
2379
2380
2381 983
2382 1870
2383
2384 1971
2385 981 2124
2386
2387
2388 336
2389 117
2390 206
2391
2392
2393 1440 193
2394 529
2395 2346 2106 2380
2396 1075 711 1377
2397
2398
2399
2400
2401
2402 824 1375
2403 2446
2404 822
2405
2406
2407 1557
2408
2409
2410 64 2202
2411 1246
2412
2413 2284 1827
2414 935 1912
2415
2416
2417 546 1137
2418
2419
2420
2421
2422 226
2423
2424 1240
2425
2426
2427 552 1116 1411
2428
2429 799 1063
2430
2431
2432 1494
2433 680
2434
2435 368 844
2436 2074
2437 229
2438 2155 1707
2439 742
2440
2441 259 880 1801
2442
2443 2031 280 1070
2444 1082
2445 2432
2446 2013
2447
2448 976 2208
2449
2450 816 1315
2451 851 2018
2452 52 375 479
2453
2454 178 2185
2455
2456
2457 1415
2458
2459 435
2460
2461
2462
2463 932 175 1739
2464 961
2465
2466 1969
2467
2468 62 324
2469 2341 795
2470 866 1642 2169
2471
2472 955
2473
2474
2475 1515 31
2476 1731 1037 1830 686
2477 2195
2478
2479 2158
2480
2481 1567 1134
2482 66 1391
2483 2463 802 2292
2484 964
2485 1368 688
2486 690
2487 2193 2497
2488 931
2489 722 174 334
2490 1978
2491 1836 378 1500
2492 333 646
2493 1288
2494
2495 352 1878
2496
2497
2498 2121
2499 2417 1347
