#/n/fs/ragr-research/projects/fastppm-data/bin/simulate.py --mutations 100 --samples 3 --coverage 30 --seed 13 --output sim
# GMT Sun Oct 13 15:00:03 2024
# 
0 60 43
1
2
3 30
4
5 55 17
6
7 25 31
8 83
9
10
11 96
12 47
13
14
15 79
16 14
17 57
18 59
19
20
21
22
23 11
24
25 80
26 36
27
28 69
29 41
30 46
31 74 85 88
32 21
33
34
35 89
36 87 24 29
37 91 52
38 75
39 42 61
40 33
41
42 15 66
43 56
44
45 65
46 22 35 49 99
47 73 76 93
48
49
50 51
51 34 67
52
53 26 48
54
55 23 9 28
56 16
57 62
58
59 90
60 94 2 12
61
62
63
64
65 95 53 64
66 32
67
68 38
69
70 77
71 70
72 78
73 45 72
74 5 6 8
75 54
76 44 81
77
78 37 58
79 20
80 84 98
81
82 27
83 82 68
84 86
85
86 1
87 13
88 97
89
90 19
91 50
92 10 18
93
94 7 92
95 4
96 3 39 71
97
98 40 63
99
