#/Users/schmidt73/Desktop/fastppm-data/bin/simulate.py --mutations 500 --samples 3 --coverage 100 --seed 6 --output sim
# GMT Fri Sep 13 14:24:49 2024
# 
0 119 164 189
1 317 201 270
2 381
3 426 25
4 476
5 281
6 305
7 435
8
9 285
10
11 245 356
12 441 325
13
14 116
15
16
17
18 136
19 288
20 365
21 175
22
23
24 312
25
26
27
28
29 416 453 123
30 114 425
31
32
33
34 33 292
35 198
36 90
37 38
38
39 80 343
40
41
42 187
43
44 170 56 262
45
46
47
48 329 214
49 42 472
50 4
51 3 47
52 272
53 269 206
54
55 155 332
56 216
57
58
59 20 391
60 231
61 125 346
62
63
64
65 434
66 169
67 395 92 145 499
68
69
70
71
72 128
73
74
75
76 495
77
78 118 427
79 263
80 8
81 217 221
82 57
83 153
84 10 273
85
86 384 445
87
88 76
89
90 396
91 87
92 324
93
94 340
95 460 359
96 55 385
97 84 133
98 474
99 457
100 9
101 260 372
102 137 404 409
103
104 210
105 171 138 489
106
107 480 24 344 197
108
109 207 446
110 241
111
112 282 165
113 386
114
115
116
117 375
118
119 437
120
121 289
122 271
123
124
125 302 455
126
127 290
128
129 174 487
130
131 338
132 91
133 456
134 140
135 230 95
136 248
137 243
138 244
139 264 147
140 64
141 101 134 477
142 61 352
143
144
145
146 30
147 223
148
149 131 265
150 209
151 160
152
153 235
154 59 162
155 14 422
156
157
158 178
159
160 190
161 304 450
162 176
163 66 443 348 364
164 117
165 439
166 442
167
168 287
169 240 319
170 242
171 36 379
172 279 388 73 246
173 149
174 280
175 430
176 471 146 161
177 70 182 186 368
178 150 35 96
179
180 278
181 331
182 132 320
183 97 488
184 390 105
185
186 200
187 318 104 485
188 414
189
190
191 310
192 239
193 314
194 354 49
195 173 321 110 151 157 349
196
197 283
198 451
199
200 106
201
202 111 152
203 16 34
204
205 307
206 222
207 213 291
208
209 2 12
210 253 383
211 5
212
213 22 44 85
214
215 440
216
217 7 124
218
219 254
220 336
221
222
223 493
224 107
225
226 46
227 78
228
229 358 433
230 89
231 284
232 65
233 447
234
235 142
236
237 403
238
239
240 316
241 444
242 67 429
243 129 74
244 177
245 19 48 431
246
247 205 311 394
248 315
249 367
250
251
252 299
253 236
254 407 226
255 167
256 18 45
257
258 144
259
260 50
261 360
262 300
263 335
264 237 277
265 370
266 458
267
268 41
269 1 154 350 58
270
271
272 466 411
273 475
274 120
275 417
276 465 399
277
278 369
279 398 251
280 293 479
281 224 492
282 99 491
283 159
284 266 135
285 463 21 94
286 482 345 185
287 256 93
288 211
289 127
290
291 112
292
293 309
294 308 330 393
295
296
297
298
299 255
300 193
301
302 412 448
303 23 228
304 247 60 296
305 108 218
306 467
307 261
308
309 71
310 63
311
312 413
313 326
314 181 486
315
316
317 454 449
318 102 113
319
320
321 88 347
322 275
323
324
325 473
326
327 109
328
329 203
330
331
332
333
334
335 464
336
337 419
338 6 192
339
340 98 163 415
341 337 378
342
343 31 484
344 191 208
345 363
346 82
347 470
348
349 392
350 397
351 481
352
353
354 497 469
355 274
356
357 62
358 179
359
360 37 268 295
361
362 428
363 258 380
364
365 52 408
366
367
368
369
370
371 328
372
373 259 459
374 229
375 69
376 219 250 333 339
377
378 75
379 301
380 180
381
382
383
384 341 498
385
386
387 420
388 168 227
389 323
390 158
391
392
393
394
395 40
396 32 351
397 13
398 17
399
400 166 234
401 377
402 126
403 143
404 402
405 77
406 478 257 438
407 81 26 121 436
408 357
409 313
410
411
412 303
413
414 130
415
416 11 194
417
418 382
419 184 212
420
421 406
422 371
423
424
425 342
426 376 156 252
427
428 29 220
429 462
430 267 298
431 115
432 202 249
433
434 468
435 15
436 353
437 53
438
439
440 322
441 27 483
442
443 199
444
445 103 122
446
447
448
449 327 188 424
450 72 79
451 183 28
452 233
453 461
454 100 172 196 204
455
456 496
457
458 286
459
460 374
461 195 139
462
463 86 334
464 389
465 141
466 362
467
468 83 225
469
470 366
471 39 215 373
472
473
474 54
475
476
477
478 432
479 410
480 51 43 355
481 423
482 68 401
483
484 490
485 148 297
486 418
487
488 238 361 387
489
490 405
491 452
492
493 294
494 421
495 306
496 232
497 276 494
498 400
499
