#/Users/schmidt73/Desktop/fastppm-data/bin/simulate.py --mutations 100 --samples 3 --coverage 30 --seed 7 --output sim
# GMT Fri Sep 13 14:24:16 2024
# 
0 87 37
1 12
2 90
3 6 75 95
4 61
5 60
6
7
8
9 74 40
10
11
12
13 66
14 31 67 57
15 21 83
16
17 59
18
19 69 53
20 13
21 98 96
22 76
23 44 73
24
25 28 11
26
27 16
28 3
29 42
30 22 46
31 39 85
32
33
34
35
36 24 93
37 19 81 71
38
39 26
40 35 72
41
42
43
44 34
45 25
46 78 51 79
47
48
49
50 45 10 88 54
51 7 9
52
53
54 18 92 80
55 50
56 70
57 52
58 97
59
60 36 58
61 15
62 1 4 91
63 84 68
64 33
65
66 47
67 64 41
68
69 20
70
71
72
73
74 63 86
75
76 89
77
78 82 99
79
80
81 29
82 2
83 14
84 17 48
85
86
87 30 23 43 77
88 27 65
89 62 94
90
91 8
92 56
93
94 49
95
96 38
97 32
98 5
99 55
