#/n/fs/ragr-research/projects/fastppm-data/bin/simulate.py --mutations 100 --samples 3 --coverage 30 --seed 12 --output sim
# GMT Sun Oct 13 15:00:03 2024
# 
0 84
1
2 76
3
4
5
6 69
7 49
8 24 57
9
10 54 82 85
11 67
12 83
13
14 7 9 77
15
16 32
17 18
18 94 46
19 3 78 74
20 39
21 40 27
22 35
23 96
24
25 1 92
26 10
27 90
28 43
29
30 52
31
32 41
33
34
35 17
36
37
38
39
40 87
41 60 33
42 26
43 61
44 50
45 42 70 97
46
47 45
48 23
49
50 29
51 81
52
53 71
54 2
55
56 53
57
58
59 72
60 12 66
61 68
62
63
64 93
65 79
66
67 22 19
68 44 86
69 38 51 55 62
70
71 59
72 91
73 80
74
75
76 14 34
77
78 65 16 63 98
79 21
80 48
81
82 31
83
84 89
85 99
86
87 64 58 95
88 36
89 11 28 37
90 56
91 13 30
92 47 5
93 6
94 25 4 8 15 20 73 75
95
96 88
97
98
99
