#/n/fs/ragr-research/projects/fastppm-data/bin/simulate.py --mutations 1000 --samples 3 --coverage 1000 --seed 11 --output sim
# GMT Sun Oct 13 15:01:50 2024
# 
0 394 628
1
2 562
3
4 984
5
6
7 252
8 299 309
9 71
10 878
11 967 672
12 412
13
14
15 311 899 877
16 768 356 490
17 368
18 938
19 188 572
20 636
21 913
22
23 235 693
24
25 205
26
27 961 85
28 862
29 634 456 86 761
30 616 785
31
32 243 131
33
34 613
35
36 78
37 345 874
38
39
40
41
42 742 599 873
43
44
45 197
46 336 531
47 284
48
49 553
50 864
51 109 557
52 42 84
53
54
55 604
56
57
58 141 211
59
60 270 922
61
62
63 623 11
64
65 333 835
66
67 238 888 781
68 465
69
70 39 632
71
72 815 826
73 140 202
74
75 56 266 561
76 257
77 119 208 941
78 813
79 41
80
81 30 72 367 650
82
83 635 432
84
85
86 724
87
88 120 480
89 703
90 240
91
92 912
93 659
94 9
95 323
96 773
97
98 486 734
99
100 373
101 176 924
102 699
103 8 163
104
105 795 728
106
107
108
109 934
110
111 810
112
113 83
114 726 499 554 973
115 286
116 408 401
117 879 715
118 69
119 438
120 818
121 656 462
122 725
123 846
124 716 677
125 675 366 960
126
127 301
128 279
129 44
130 887
131 207
132
133
134 844 624
135 306 182
136
137 737
138
139 181
140 833
141 652
142
143 239 15 52 533
144 288
145 537 463
146 440
147
148 108
149 585
150 396
151 376
152 722
153
154
155 417 602 361
156
157
158
159
160
161
162 278 571 705 448 952
163
164
165 654 327 492
166 273
167
168 982 591
169
170
171 458
172 130 738
173
174 91 679 390
175 90
176 787
177 872 359 797
178
179
180
181 940
182
183 627
184 422
185 343 931 955
186 921
187
188
189 975
190
191 16 592 407 514
192
193
194
195
196 183 421
197 688 350 898
198 811 885
199 523
200 224
201 349
202
203 112 215
204 100 856
205 76 597
206 124
207
208 347
209 19
210 519
211
212 437 665
213
214 600
215 779 453
216
217 583 575
218 617
219 832
220 930 822 190
221 274
222 904
223
224 129 179
225
226
227
228 446 294
229
230 723
231
232 745 824
233
234
235
236
237 420 923
238 221 647
239 886 471
240
241
242 528 997
243 31
244 500 222 751
245
246 370
247
248 518
249 701
250 944 711 66
251 319 564
252 710 542 550
253 682
254
255 113
256 620 283 658 845
257 321 497
258
259 18 858
260
261
262
263 48
264 426
265 945 889
266 80
267
268
269 669
270 330
271 841
272
273 87 271
274 386
275
276
277 180
278 868 977
279 281
280 255 318
281
282 353
283
284 578
285 244 763 302
286 786 552
287 2 459 800
288 139 149 755
289 33 918 88 223 364
290
291 708
292 28
293 589
294 646
295 414
296 410 612
297
298 799 756 956
299 847
300
301 582 184 950
302
303
304
305 735
306 5
307 987
308
309 937
310 143 543
311
312
313
314
315
316 560
317 601
318 174
319 77 275
320 911 900
321 995 295 915
322 645
323
324 73 717 882
325
326
327 836
328
329 451 507
330
331
332
333 297 466 857
334
335 385
336
337
338 54
339 310 577 953
340
341 25
342
343 127 908 136 991
344 225 570
345 541
346
347 819
348 409 721
349
350 611
351 517
352 743
353 161
354 834 965
355
356 730
357
358
359
360 686
361
362
363
364
365
366
367 242 501
368 825
369 474
370 481
371 227
372
373 668
374
375
376 590 544
377
378 133
379
380
381 427 801
382 430 690
383
384
385
386
387 988
388 138
389
390 563
391
392 970
393
394 259 369 121 220 201
395 58
396 57
397
398 152 213 619
399 536 999
400 55 128 406
401
402
403 256
404 320
405 248
406 212
407 891
408 46 296
409 27
410
411 489 788
412 951
413 187
414 384
415 210 707
416 676 246 429
417 907
418 515 897
419
420 217
421 867
422
423 40 959
424 689 504
425 171 990
426 402
427 936
428
429
430 419
431
432 371 909
433
434 992
435 484 379
436 38 334
437 771
438
439 804
440 732 232 607
441
442 439
443
444 178 807
445 26
446 280 61 798 317
447 475 435 674 749
448 567
449
450 391
451 148 282
452 610 733
453 363
454 389 576
455 50
456 638 316 614
457
458
459
460 770
461 667 942
462 670 851 102 963
463 926
464 89
465
466
467 362 502
468 98 229 954
469
470 95 264
471 757 685
472 896
473
474 155
475 24 866 338
476 416
477 895
478 111
479
480
481 727 449
482
483 746
484 68
485
486
487 653
488
489
490 859 876
491
492
493
494 198
495 37 865
496 530
497
498 892
499
500 94
501
502
503
504
505
506 289
507 304 312
508 230
509 823
510
511 250 452
512
513
514 875 966
515 994 358
516 736 789
517 218
518 522
519
520 1
521 854
522
523
524 315
525
526
527 214
528 840
529 380 493 871
530
531 594
532 450
533 580
534
535 545 527 758
536
537 947
538 82
539
540
541
542 35 946
543 10 81
544
545 662
546
547
548 631 529
549
550
551 63
552 943
553 495 630
554
555 476
556 43
557 159
558 496
559
560 308
561
562 151 267 505
563
564 154
565 118 837
566
567 234
568 97 664 814 976
569 985 903
570 477 525 949
571 509 428
572 513 605 793
573
574 170
575 22 534
576 986
577 969
578
579 939
580
581 488
582 506
583 655
584
585
586 165 74
587
588 64
589 551
590 158
591 587
592 226
593
594
595 661 778
596 555 17
597
598 454
599
600 641
601 848
602 12
603 287
604 115 584
605
606
607
608 615 137 467
609
610 173
611 62 869
612
613 651
614 469
615 603 547
616 920 123 398
617
618 433
619
620 79 468
621 791 881
622
623 6 101 393
624
625 424 206
626 870
627
628 194
629
630 609
631 70 153 195
632 269
633 831
634 135
635 387 535 692
636 626 657
637
638 116
639 460
640 750
641
642
643
644 524
645 443
646 114 971
647
648 849 21 753 901
649
650
651 608 802
652 680 673
653 916 291 827
654 172 156
655 34 595 378
656 884
657
658
659
660 829 247
661 107 792 157
662 927
663 606
664 962
665
666
667
668 110
669
670 748 629
671 644
672
673 455
674 397 678
675 586 444
676 852
677 559
678 510
679 233 752
680 4 906
681
682 766 863
683
684 759
685 375
686 566
687 324 13 260 948
688 436 231
689 910 20 622
690 709
691
692 681
693
694 720
695 203 122
696 740
697
698
699 780
700 816
701 418
702 487
703
704
705 964
706 103
707 838
708 821 147
709
710 855 392
711 177 663 893
712 996 447 498
713 117
714
715
716 660 254 883
717
718 253
719
720 516 980
721 303 993
722
723 357
724
725
726 67
727 168
728 783
729 671
730
731
732 51 521
733
734
735 914
736 329 974
737 441
738 718
739 972 777
740 445 820
741 92
742 75 290
743
744 298
745 805
746
747 285 14 106 754 925
748 633
749
750
751 704
752
753 957 573
754
755 328
756 457
757 775 540
758
759 442 482 850
760 796
761
762
763 209 341 817
764 144 332 698
765
766 808
767 99 268
768 265 932
769 794 762 830
770 687 354
771
772 880
773
774 968
775 556
776 713 485 731
777
778
779 322
780
781
782 928
783 765
784 621
785
786 568 666
787
788 558 503
789 842
790 919 125
791 648
792 839
793
794 902 588 216 479
795 843 989
796 162
797
798 132 337
799 29 261
800
801 494
802 3 998 581
803
804 146
805 860 277 683
806 399
807
808 637
809 292
810
811 126
812 473
813 739
814
815 352
816
817 413 415 313
818 196 272 532
819 411
820
821 579
822 464 199
823 142 169 276
824
825
826 526
827
828
829 105
830
831 935 598
832
833 764 45 263
834 23
835
836
837 806 714
838 405 340
839 388
840
841
842
843 478
844 300 491
845
846
847 104
848
849 395
850
851 175
852 760 150
853 134 546
854 383
855 625 706 905
856
857
858
859 434
860 400
861 712
862
863
864
865 204
866 741 853
867 346
868 237
869
870
871
872 60
873
874
875
876
877
878
879 917 7
880
881 342 483
882
883 958
884 339 164
885
886 293 241 983 374
887 189 772
888 382
889
890
891
892
893
894 326
895 719
896 93 767
897 53
898 890
899 325 360
900
901
902 381 565
903 539
904
905 694
906
907 776 200
908 403 538 372
909 508
910 744 186 642
911 192
912 790
913
914 769 894 549 691
915 803
916 511 96 160 258
917 639
918 59 355 697
919 809
920 307 472
921
922
923 36
924
925
926
927 425
928
929
930 185
931
932
933
934 404 365
935 32
936 228 431 643
937
938 520
939 774 470
940 978 574
941
942
943 461
944 191
945 596 696 979
946
947 49
948
949
950
951 377
952
953
954
955
956
957 249
958
959
960
961 305
962
963 512
964 351 245
965
966
967 423
968 166 695 593 782
969 219 649
970
971 193 933
972 861 828
973
974
975 548 929
976
977 747
978 702 618
979 47 167
980 569
981
982 145
983 331
984
985 335
986
987 251 344 640 700
988 684 981
989 262
990
991 729
992
993
994 348 812
995 65 236
996 784
997
998 314
999
