#/n/fs/ragr-research/projects/fastppm-data/bin/simulate.py --mutations 1000 --samples 3 --coverage 30 --seed 12 --output sim
# GMT Sun Oct 13 15:01:18 2024
# 
0 407
1
2
3
4
5 478
6
7 211
8
9
10
11 946 27
12 696 405 276
13
14 484
15
16 792
17 158
18 231
19 705 955 838
20
21
22 718
23 49 688 171
24
25 388
26
27 247
28
29 488
30 538 248
31 100 120
32 969
33
34 373
35 851
36 339
37
38 547 817
39 546 886
40 577 735
41 911
42 860
43
44 989 270 278
45
46 449 193 752
47 662 507 729
48
49 555
50 52
51
52
53 404
54 568
55 132
56 3
57 709 172
58 357 882
59 274
60 749 121
61 33
62 54
63
64
65 130
66 115
67 268
68 656
69 223 89
70
71 107
72
73 672
74
75 242 437
76
77 435 825
78 549
79
80
81
82 780
83 56 480
84 168
85 658
86 406
87 846
88 439 119
89
90
91 713
92 133
93
94
95
96
97
98 710
99
100 470 136
101 92
102 48
103
104 411 271
105
106 600
107
108 79
109 232 813 970
110
111 798
112 801 257 654
113
114
115
116 602 195
117
118
119
120
121 949
122
123
124
125
126 464 540 896
127
128 332
129
130 426
131
132 991
133
134 432 990
135 57 465
136
137 9
138 135
139
140 958
141
142 511 66 827
143 1
144 997
145 929 297
146
147
148 576 733 816
149 203
150 766
151 773 471 557
152
153
154 306
155 874 37
156
157 273 583 87
158
159 820 198
160 378
161
162 440
163
164
165 150
166 935
167 424
168 883 309
169 179 303 394
170
171 70 714
172
173 299
174 279 340
175 105
176 55
177 156
178 936 234
179
180
181 170
182
183 707
184
185 966
186 901 762
187
188
189
190 283
191
192
193 972
194 904
195 944 224 611
196
197 43
198 778
199 728 748
200
201 692
202 779 726
203
204
205
206 128
207 422 937
208
209 143 750
210 703
211 980 311 932
212
213
214 106 899 415
215 348 474 884
216
217 590
218 500 678
219
220
221
222 375 544
223 25 530
224 866
225 868
226
227 78 396
228
229 673
230 63 233
231 213 253
232 20 822 537
233
234 469
235 74
236 69
237
238 423 856
239 521
240
241 637 151
242
243
244 183
245
246 64 351 770
247
248
249
250 194
251 636
252 842
253
254 310 455
255 818
256 462
257
258
259 978
260 210 149
261 586
262
263 116
264
265 956
266 167 226
267 483
268
269 909
270 51 190 550
271 742
272 312
273 13 444 894
274 596
275 854 326
276
277
278
279 12
280 916
281 745 256
282 800
283 91 828
284 760
285
286 10 112
287
288 479
289
290 743
291 885 427
292
293 979 191
294 101
295 651
296 986
297
298 579
299 367
300 892 485 915
301
302
303
304 998
305 832
306 808 335 380
307
308
309 871
310 260
311 28 902
312
313
314 616 238 302
315 697
316 401
317 691
318
319 161 974
320 88
321 606 58
322 967
323 653
324 240 858
325 746 646
326 346
327 855
328 625 204
329
330 486
331
332 145
333 879 613
334 457
335
336 235
337 466
338
339 585
340
341 603 229 221
342
343 789 395
344 287
345 732 215
346 126 251
347 919 419
348 609 162
349 62
350
351 963
352 36
353 77 945
354 952 498 558 765 881
355 382
356 410
357
358 319 797 810
359
360
361 618 237 313
362 152
363
364 322
365 582 849
366 31 610
367
368 584
369 572
370 95
371
372 460 553 809
373 425
374
375 385 799
376 21
377 996 804 815
378 11 148
379
380 533
381 759
382 328
383 900 725
384 680 379
385 676 450 525
386 111
387
388
389
390 421
391 645
392 282 300 706
393 740
394 664
395
396
397 30 29
398
399
400 836
401 8 393 360
402
403
404 45
405 125 589
406 906
407 776
408 640
409
410 252
411 163 431 527
412 567 144
413
414
415 767 803 941
416
417
418 578
419
420 591 993
421
422 647
423 277
424 953
425 566
426
427
428 255
429 430
430 619
431 719
432 541
433 562
434
435
436
437
438
439 924 489
440
441
442 452 961 940
443
444 914
445 14 142
446 370
447 94
448 243
449 42 109
450 638 140
451 931 601
452 505 477 389 959
453 414
454
455 384 951
456
457 677
458 53
459
460 708 595
461
462 913
463 580
464
465 864
466 82 178
467
468
469
470 554 239 912 947
471 202 684
472
473 721 41
474 837 288
475
476 490
477 165 212
478
479
480 668 821
481
482 182 910
483
484
485 768
486 925
487
488
489 337 272 847
490 865
491
492
493 844 292
494
495 371 467
496
497
498 715 32 850
499 516 301
500
501
502
503 807 177
504
505 127
506
507 702
508 117
509
510
511 65
512 744
513 23 487
514 739
515 921
516 823 228
517 361 331 675
518 350
519 737
520
521 104
522 244 81
523 446
524
525
526
527
528 648 552
529 513 386
530 93
531 784
532 90
533
534 197
535 293
536 655
537
538 155
539 730
540
541 118 502
542 184 459
543 180 712
544 472
545 786 206
546 392 699
547 774 245 456
548 349
549
550 475 497
551 166 315 852 146 876
552 973
553
554 517 16 67
555 736 987
556
557
558 657 138 771 442 129 922
559 199 219
560 587
561
562 345
563 634
564 22 831
565 169
566 222 412
567 86 241 795
568 908
569
570 794 438
571
572 999
573
574 83
575 19 175 845
576
577
578 624
579
580 812
581 134
582 711
583 666 200 491
584
585
586
587
588 17
589 476
590
591 669
592
593
594
595
596
597 643
598 788
599
600 626
601
602 418
603 280 758 985
604 569
605 383 207
606 880
607
608 176
609 98 907
610
611
612
613 674
614 835
615 97
616 4
617
618 535
619
620 529 695
621 61 661
622
623 607
624 68
625 352
626
627 734
628 575
629 314 71
630
631
632
633 188
634
635
636 782
637 72
638 76 700
639 258
640 819
641
642 573 679
643 814 934
644 598
645 185
646
647
648 473 531 747
649
650 620 793 895 512 753 995
651 209 50
652
653 518 769 781
654
655
656
657 445
658
659
660 559 416
661
662 943
663 333
664
665 246
666 751
667 976
668
669 848 329 862
670
671 366
672
673 826 325
674 796 652
675
676 321 409 617
677
678
679
680 539
681 153
682
683 524
684
685 137
686
687 38
688 186 964
689 216 495
690
691 499
692 208 968
693
694 363
695 420 377 641
696 96 494
697 522 982
698 805
699 428 920
700
701 660 122 261
702 942
703 877 975
704 754
705 545
706 834
707 39 984 635
708 451 642
709 376
710 581 398
711 275 327 443 704
712
713
714 365
715 857
716
717 362 888
718 114 543
719 614
720 588 515 429 556
721 775 659 755
722
723
724
725
726 402
727 503 433 806 571
728 47 988 783 387 683 938 893
729 790
730 508 265
731 694 623
732 824
733
734 802
735
736 6 923
737 295 840
738 291
739 60 574 84
740 830 536
741 898
742
743
744 358 356
745 24 413
746 878
747 649
748
749 519 873 630
750 225 785
751 35 548 448 686
752 323
753
754
755
756 160 829
757
758 355
759 687 971
760
761 397 957 670
762 599
763 604 918
764 296 262 289 338
765
766 954
767
768 890 887
769 863
770
771 99
772
773 154 454
774 5 46 85 290
775 811 40 510
776 667 324 897
777 570
778
779 605 147 408
780 286
781
782
783 663 436
784
785 930
786 701 731 492 917
787 2 761 764
788
789 201
790
791
792 551 353 181
793 665
794 434
795
796 249
797
798
799 368
800 18
801 123 192
802 981 372
803
804 307
805 960
806 391 250
807 756 157
808 336
809
810
811 281
812
813
814 482 682
815
816
817
818 481
819
820 141
821
822 214
823 671
824 891
825
826 650 318
827
828 164
829 139 496
830 108 173
831 534
832
833 716
834 526 859
835
836
837 217 509
838
839 939
840
841 870
842
843
844 841 441 690
845
846
847
848 853 501
849 560
850 284
851 463
852 131
853 738 532 612
854 983 839
855 950 417 593
856
857 627
858 994
859
860 15
861 561
862 632
863
864
865 205
866
867
868
869 528
870 629
871 399
872
873 342
874 608 403
875
876 267 594
877 230 563
878 933 187
879 220 926
880 347 948
881
882
883 304
884 875
885 102 592
886
887
888
889 294
890 453 872 905
891 741
892 343
893
894
895 369
896
897
898 962 59 565 693
899 364
900 523
901 44
902 791
903 264
904
905
906 628
907
908 75 772
909 34
910
911
912 189
913 965
914
915
916 330 266 903
917
918
919 514
920
921 298 506
922 633
923
924 787 458
925 317
926
927 720 889
928
929 174
930
931 196
932
933 447
934 861
935 316
936 254
937
938 757
939
940
941
942 777
943 341 622
944 717 597
945
946 320 218
947
948 520
949 615 113
950 124 698
951
952 493
953 400
954 681 928
955 763
956
957 344
958 468
959 644
960
961 867
962 927 621 110 689
963
964 308
965 285
966 461
967
968
969
970
971
972 334
973
974
975 992
976 7
977 542
978
979 727 381 263
980 269 259
981 685 977
982
983 73
984 639 374 833 724
985 103
986 564
987 390 722
988 227
989 26
990 305
991 354 631
992
993
994 504
995
996 159 723
997 236
998 869 359 843
999 80
