#/n/fs/ragr-research/projects/fastppm-data/bin/simulate.py --mutations 500 --samples 3 --coverage 100 --seed 2 --output sim
# GMT Sun Oct 13 15:00:20 2024
# 
0 10
1 459 230 348
2 356
3 178
4
5 254 499
6
7
8 372 448
9 81 91 338
10 384
11 484
12
13 430
14 473
15 22
16 306
17
18 20
19
20
21
22
23 278 366
24 116 73
25 71
26 408
27 70
28 391
29
30
31 314
32 64 313
33
34 315 204
35 61
36
37
38 117 341 336
39
40 98
41 219
42
43
44
45 350
46
47 423
48 191
49
50
51
52 266 452
53
54 404 358 374
55 493 253 457
56 189
57 462
58 367
59 145 272 425
60
61 310
62 475
63 202
64 331
65 149
66 107 431
67 106
68 181 245 273 396
69 285
70 166
71 332
72 262
73 201
74 461
75 77 320 252
76
77 159
78 233
79 27 68
80 380
81
82 9
83
84 487
85
86 2 276
87
88 190 46 277 294
89
90 292 326
91 379
92 234 96 467
93
94 100
95 322
96
97
98 299
99 214 33 393
100
101
102
103 18
104
105
106 152 422
107 454 398
108
109 381 375
110 283 227 79
111 144 247
112 337
113 434
114
115
116 92 60 281
117 174
118
119
120
121
122 119 481
123
124 275 352
125 324
126 113 147
127 196
128 268
129
130 112 296 387
131
132 179
133 474
134 289
135 496
136
137 207 222
138 344
139
140
141 412
142 426
143 140
144
145 237
146
147
148 224
149 259 104 162
150 241 420
151 19 184
152 305 185 414
153
154 194
155 388
156
157 97
158
159 469 14
160
161 87 328
162
163 120
164
165
166 304
167
168 370
169
170
171 394 47
172 88 365
173
174 215
175
176
177
178
179 342 32 472
180 168 444
181
182
183
184 200
185
186 495 258
187 287
188 111
189
190 82 218
191 182
192
193 49
194 126 280
195
196 80 435
197
198 172
199
200
201 78 177
202
203
204
205 399
206 244 290 50
207 95 335
208 471
209 173
210
211
212 436 217
213
214 463 85 362
215 303 395
216 231 31
217 318
218 297 383
219 449
220 248 21
221 477
222 11 210
223
224
225 451
226 75 45 131 133
227 154
228 180 94 355
229
230
231 228
232 251
233 160 455
234 13
235 59
236 221 17 301
237 148
238 169
239 137
240 368 421
241
242 270
243
244 232 453
245
246 438 229
247
248 3
249
250 135
251 34 164
252 205 401 63
253
254 441 432
255 58
256 99 373 456
257
258
259 86 142 288
260 108
261
262
263 385
264 240
265 407
266
267 466
268 419
269
270 54
271
272 183 267
273
274 282 480
275
276
277 150
278 311 69
279 15 76
280
281
282 134 115 357
283 55 67 334
284 12 300
285 279 37
286 317
287
288
289 4
290 171
291
292 460 105 156
293
294
295 208 406
296
297 450 498
298 390
299 38
300
301 347
302 389
303 16
304 48
305 485 123 286
306
307 263 345
308 359
309
310
311 216 376
312
313
314
315 439
316 30
317
318
319 52
320 427
321
322 458 264 114
323 158
324
325 440
326
327 125
328
329
330 443
331
332 188 257
333
334
335
336
337 382
338
339
340 346
341 411 353
342 66
343
344
345
346
347 371
348 330
349 109 312
350
351 409
352 494
353
354
355
356 195 397 433
357 364
358 250 488
359
360 490 28 437 363
361
362
363 121 405 418
364 470
365 193 72 261
366 369 90
367 155
368 141 308
369 39
370 57 143
371
372 417 235 211
373 392
374
375
376
377 6 42
378 192
379 165
380 138
381 242
382
383
384 446 130
385 175
386 255
387
388 124
389 8 153
390 139 203 416
391
392
393
394 349 269 447
395 309
396 343
397
398 428
399 274
400 307
401 35 51
402
403
404 41
405 167
406
407 206 478 101
408
409
410 199
411 410 403
412 284 213
413 465
414
415
416
417 151 53
418
419 415
420
421
422 197
423
424 5 339
425
426
427 23
428 486
429 265 186
430 161 291 293
431 354 442
432 127
433
434 225 29 118
435
436 238 329
437 246
438 36
439 226 223
440 24
441 43
442
443
444 491 102
445
446 476
447
448 146
449
450 129
451 236 479
452
453
454 492
455 187
456
457
458 62 122 163 445
459 424 25 74
460 44
461
462 360 132 295 89 93
463 65
464
465
466 340 351
467 260
468 83 378
469 1 325 56 157
470 243 402
471 198
472
473
474
475 110 136 333
476 429 249
477 482
478 316 209 176 489
479 400
480
481 128 497
482 302 170 483
483
484
485 26
486 377 327
487 323
488
489
490 256 413
491 40 319 212 464
492 239
493 220 103 468 321
494 361
495 7 298
496 84
497
498
499 386 271
