#/Users/schmidt73/Desktop/fastppm-data/bin/simulate.py --mutations 1000 --samples 3 --coverage 30 --seed 14 --output sim
# GMT Fri Sep 13 14:25:49 2024
# 
0 220
1
2
3 929 176
4
5
6 438
7
8
9 632
10
11 639
12 974
13
14 395
15 431
16 683 816
17
18 154
19 338 914
20 706
21
22 244 505
23 282
24
25 138
26 412 428
27 133 180
28 562 206 550
29 201
30 870
31 181
32
33 103 335 752
34 945
35 815 250
36
37
38 577
39
40
41
42
43 345
44
45
46 447 996
47
48
49
50 394
51 3 994
52 951
53
54 67 738
55
56 442 449
57
58
59 262
60
61 405 303
62 604
63 640 383
64 871 614
65 202 397 622
66 544 729
67
68 134
69 387
70 102 759 536
71 972
72 125 725
73 743
74 529 264
75 5 943
76 200 155
77
78 588
79 391
80
81 259
82 81
83
84 402
85 91 784
86 794 236
87 333 309
88 503
89 804 460
90 136 985
91 801
92
93 954 569 689 557
94
95
96 332 799
97 908
98 641
99 674 925
100
101 547 252
102 657
103
104 258 899
105 365 902 950
106
107 54 188
108 837
109
110
111 148 880
112
113
114 768 528 502
115 66
116 785
117 707
118 543
119
120 593 853
121 851
122
123 90
124 737
125 266 928
126 854
127 474
128 469
129
130
131 127
132 182 445
133
134 185
135 990
136 364
137
138 716 661
139 961
140 524 433 153
141 490
142 572 376
143 653 416 58
144 548
145 10
146 936
147 845
148
149 327 493
150 275
151 581
152
153
154 499
155
156 997
157
158 705 135
159 160 786
160 719 406
161 718
162
163 99
164 865
165 980
166 711
167 163
168 466
169 939 642
170 777
171 513
172 46
173 390 963 848
174 370
175 626
176 844 866
177
178 637 889
179
180 414
181
182
183
184
185 619
186 960
187 82
188
189
190 302
191
192 606
193 118
194 710
195
196 859 284
197
198 583
199 610 420 489
200 658 404
201 216
202
203
204 769
205 444 612
206
207 106 283 708
208
209 455 663
210
211
212 790 921
213
214
215
216 755
217
218
219 470
220 571 94
221
222 60 314
223
224
225
226 791
227 222
228
229 312
230
231
232 808 294
233 76 33 382 598 669
234 970
235
236
237
238 825 840
239 477
240 516
241
242
243 42
244
245
246 304 904
247
248 723
249
250 567
251 149
252 373
253 372
254 734
255 774 92
256
257
258 688 363
259 491
260
261 522 535
262 514
263
264
265 712
266
267
268
269
270
271 969
272 290 325
273 635
274 913
275
276 49
277
278 242
279 807
280 178
281
282
283
284 152 538
285 401
286
287 25
288 947
289 231 389
290 86
291
292 584 334
293 146
294
295
296 453 306
297 992
298 84
299
300 941
301 702
302
303 71
304 48 685
305 403 552 621
306 607
307 446
308
309 108
310
311 186
312 678
313 321
314
315
316
317
318 319
319
320
321
322 377 893
323 179 241
324
325
326 169
327 171
328 487 260 534
329 501
330 124
331
332
333 498
334 344
335
336
337
338 609
339 525
340
341 714
342 203 874 982
343 13 556
344
345
346 634
347 61
348 95
349
350 464
351 835
352
353 96 331
354 210 739
355 630
356 456 895
357 942 249
358 677 339
359 944
360 761
361
362
363 40 781
364
365
366
367
368
369 673
370
371 356 883
372
373 139 919
374
375 574 616
376 107
377 620
378 4 451
379 787
380
381 299
382 554
383 274
384
385
386 565
387
388 409 618 885
389
390 549
391 255 22
392 147
393
394 746
395 276 940
396 15 271 440
397
398 53
399
400
401 281
402
403 956 122
404 157
405 50 695
406 357 77
407 63
408 113
409 643 175 229
410 834
411
412 193
413 482
414
415
416 293
417
418
419 323 263 933 754
420
421 486 205 592
422 811
423 289
424 810 868 150 224 291
425
426
427 978
428
429 597
430 507
431 287
432
433 392
434 740
435 410 875 958
436
437 219
438 20
439 877 795
440 965
441
442
443 270
444 243
445 882
446 846
447 946
448 307 765 624
449
450
451 613
452
453 347
454
455
456 796
457 568
458 647 627
459 671 521
460 527
461 300 251 948
462
463 111 191
464 749 126
465 930
466 272 207 156
467 355
468
469 703
470 519 823
471 927 878
472
473 826
474 44
475 517
476
477 144
478 966
479 328 190 715
480 199
481 679
482 162
483 267
484 822
485
486 115 838 192
487 967 863
488
489
490
491 898 976 991 468
492 694
493 427 623
494
495
496
497 867 599
498 578 558 423 760 872
499
500 698
501 508
502
503 140 346
504
505
506 993 686
507 407 80
508
509 398 540
510 476
511
512
513
514 766 223
515
516 110
517 932 478 767
518 888
519 676 30 638
520 57
521
522 775
523 660 789
524 165 131 780 561
525 917 779
526 617 422 957
527 692 758 579
528 36
529 773 910
530 973
531 555
532 173 721
533 1 430 989
534
535 240
536
537
538 485
539
540
541 27 605
542
543
544 480 666 861
545 700 995
546
547 34 189
548 417
549 602 75 286
550
551 123
552 644
553 239 211
554
555 38 988
556
557 214
558 221 830
559 248
560
561
562 97 52
563 352
564 388 479
565 857
566
567
568
569 819
570 196 32
571 884 670 11 858
572 358
573
574
575 37
576
577 539
578 350 821
579 595
580 684
581 726
582 576
583 342 563 426
584 832
585
586 730
587 509
588
589 682
590 145
591 600 720 763
592 891
593 100
594 909
595
596 359
597 257 802
598
599
600
601
602 35 288
603 803
604 261
605 852
606 820
607 869 717 812
608 381
609 436 876
610 79 227 195
611 511
612 672
613 234
614
615 132 374
616
617 296 384
618
619 713
620 326 26 375
621 256
622
623
624 510
625 923 601
626 636
627 981
628 362
629 226
630
631 531 484 512
632 949
633
634 977
635 29 886
636
637 93 691 435
638 591 722 842
639 301 337
640 648
641
642
643 541
644 18
645 177 537
646
647 999
648 471 7 170 204 850 778
649
650 228
651
652 733 121 457
653 856
654 348
655 955
656 43 587
657
658 448 573
659
660
661 806
662 343 450
663
664
665 273 317
666 788
667
668 839
669
670 987 399
671 64 805
672
673 419
674
675
676 19 253
677 662
678 237
679
680 903
681 6 232
682 316 792
683 78
684 168 167 645 651
685 235
686
687 128
688 292 922 649
689 209
690 968
691 215 897
692 818
693 564
694 747
695
696 21
697
698
699 56
700
701 246 310 318
702 298 269
703 14 756
704 361 380 441
705 463
706 329
707
708
709
710 652
711
712
713 633
714
715
716 24 693
717 349
718
719 750
720
721 454
722 860
723 396
724
725 523
726 911 313
727 143 39 894
728 62 459
729 117 864 504
730
731 415
732 580 297
733 151 411
734
735 421 439 371
736 625 492 668
737 9 137
738 443
739
740
741
742
743 964
744 88 736 295
745 47 354
746
747 762
748 497
749 701 105 938
750 28
751
752
753 98 158 130 675
754
755
756
757 594
758 351
759 311 366 828
760
761 69
762 31 369
763 959
764 225
765 386
766 699 771
767
768 101
769
770
771
772
773 55 112
774 437
775 280 603 741
776 847 379
777
778
779 129 141 238
780 187
781
782
783
784 109
785 843
786
787 467
788
789
790 570
791
792
793
794 506 496
795
796 495
797
798
799
800 831
801 892 542
802
803
804 12 589
805 367 962
806
807 16 748
808 59 520 429
809 646
810 696 217
811
812
813
814 983
815 461 305 488
816
817 656
818 247 873
819 378 611
820 586 813
821 341
822 817 560
823
824 836 731 500 931
825
826 732
827 279
828
829 926 975
830
831
832 465
833
834 585
835
836 142 697
837 655
838 665
839
840
841
842
843 73
844
845
846 172
847 245
848 418
849 315
850 213
851
852
853 458
854 116 783
855
856 681 545
857 166
858 360
859 164
860
861
862 757
863 984
864 776
865 559
866
867 735 161 905
868 74
869 70
870 881 912
871 953 934 452
872 907
873 277 709
874 608
875 971
876
877 87
878 551
879 320 472 659
880 197
881 582 841 979
882 198 546
883 770
884 104
885
886 615 174
887 906
888 918
889 772
890
891
892 434
893
894 654 814
895
896 89 631
897
898 72 183
899 553 324 900
900 425
901 8 896
902 494
903 753 833
904
905
906
907
908 687
909 590 83 432
910 920
911 745 937
912
913
914 385 667 742
915 827 704 809
916 526
917 194 797
918 265 530
919 208
920 308
921
922 233 278
923 473
924
925
926 532
927 114
928 393
929 986
930 475 340
931
932 322 782
933 285 664
934 85
935 824 462
936 916
937
938
939 744
940
941 2 353
942 45
943 901 879
944 65
945 51 628
946 330
947
948 724
949 119
950
951 566 855 890
952 650 690 793 800
953 575 629 518
954 829 212
955 481
956 935
957
958
959
960
961 120 483
962 887
963 23
964
965 254
966 596 336
967 41
968 849
969 68
970
971
972
973
974 924
975
976 764 998
977
978
979
980 533
981 184 230 798
982
983
984
985
986 728
987 727 159
988 408
989 424 680 218 368 751
990 952 268
991 400
992
993 915
994 862
995
996 17
997
998
999 413 515
