#/Users/schmidt73/Desktop/fastppm-data/bin/simulate.py --mutations 1000 --samples 3 --coverage 1000 --seed 16 --output sim
# GMT Fri Sep 13 14:27:19 2024
# 
0 34 754 257 299
1 430
2 455
3
4 295
5 917
6
7 651
8
9 25 207
10
11
12
13 47 49
14
15 277
16 613
17 742
18
19 703
20 682
21
22 449 484 668
23
24
25
26
27 697 776
28
29
30 867 930 801
31
32
33 606
34 338 434
35 88
36
37 94 290
38 567 250
39
40 251
41
42
43 943 950
44 273
45
46 466 369
47 720
48 419
49
50 561 479
51 109
52 226 680
53 415
54
55 678
56
57 674
58
59 303 125 787
60
61 546
62
63 507 675
64 122 726
65
66
67 551 899
68
69 722 702 164
70 142
71 729
72
73 659 612 311
74 197
75 709
76
77
78
79
80
81 155 435 894
82
83
84
85 93 457 208 378
86 174 170 421 652 841
87 21
88 5
89
90 952
91
92 380 806 942
93 861 933
94 712 967
95
96 423
97 895
98 388
99 657 935
100 554
101
102 863
103 33
104 519 535
105 401
106
107 626
108
109 370
110
111 840
112 272 280
113 745
114 50
115 239
116 731
117
118 350 148
119 556
120
121 145 244
122 645
123 147
124 503 54
125 823 878
126 897
127 230
128 879
129
130
131 39 234 217
132
133 893
134 315
135 638
136
137 765
138
139 640 642
140
141
142 924
143 263 728
144
145 16
146 282 985
147
148 904
149
150 121 114 133
151 705
152
153 520 660 864
154 494
155 112
156
157 901
158 321 574
159 544 467
160 184
161 4
162 537
163 310
164 566 937
165
166 249
167
168 788
169 707 802
170 383
171 999 834
172
173
174 237 715
175
176 385
177 780
178 389 752
179 101 852
180
181 381
182 195
183 941
184 966 833
185
186 439
187 502 283
188 298
189 836
190 231 938 751
191
192 45 483
193 418
194
195 134 262
196
197
198 713 629 711
199 653 956
200
201 491
202 563 673
203 740
204 23
205 578
206 187
207
208 610
209 304
210 576
211 485
212 305
213 927
214
215 177
216 344
217
218 364
219 223
220 471 909 565
221 541
222
223
224
225 710 436
226 607
227
228 522
229
230 591
231 284 12 981
232 767 216
233
234 480 289
235 963
236 129
237 124
238 890 127 596
239
240 70
241 55 666 719
242
243 203 634
244 228
245
246
247 362
248 233 994
249
250 518
251 82
252
253
254 6 978 391 495
255 988
256 842
257
258 693 724
259
260 202
261
262
263
264
265 511 888
266
267 773
268 407
269 236 486
270 854
271
272 176
273 768
274 319 450
275
276
277 733
278 355
279 781 218 426 699
280
281 803 762
282 572 912
283
284 254 384 880
285 868 961
286 783
287
288
289 798 416
290
291 505 951
292
293 618
294
295 516
296
297 19 307 558
298
299
300
301 159 472
302
303 630 29 469 922
304
305
306
307 224
308 386 690
309 38 608
310
311
312 9 98
313
314 220 476
315
316 661
317
318 782 353 600
319
320 409 887
321 766 577
322 209
323 306 405
324 977 65
325 810
326
327 51
328 824
329 178 730
330
331
332
333
334 865 475 252
335 242
336 696 588
337 857 64
338 63 323
339 156 974 276
340 446 397
341 685
342
343
344
345
346 811
347 453 738
348
349 131 43
350 664 625
351 648
352 947
353
354
355 983
356
357
358 232 820
359
360
361 808
362
363
364 95
365 559
366 845
367 342
368 644
369 222 420
370 525
371 42
372 14 422 582
373
374 792
375 732 689
376
377
378
379
380 91
381 425
382 396
383 818 825
384 672
385 624
386 62 687
387
388 714
389 375 529 614
390 958
391 746 560
392
393 291
394 799
395 113 925
396 360
397
398 451 99
399 616 993
400 213
401
402 866
403 253
404 123 128 892
405
406 891
407 555
408 180 670
409
410 325 557
411
412 11
413
414 512
415
416
417 764 955
418
419
420
421 102
422
423
424 379
425
426
427 343
428 190
429 594
430 372 617
431
432 970 517
433
434 615
435
436 214 945
437 741 838 586
438
439 739
440 36
441
442 461
443
444 83
445
446 460 56
447
448 914
449 908 166 813
450
451 334 858 812
452
453 562 809
454
455 850
456 297 211
457 318
458
459
460 549 80
461 756 366
462
463
464 90
465 40
466 138
467 706 744
468
469
470 772
471 18
472 547 694
473 470 575
474
475 26
476 552 684
477 786 859
478 183
479 488
480 771 856
481 621 367
482
483
484
485
486 940
487 37 915 954
488
489
490 913 805
491 432 570 753
492
493
494
495 793
496
497 293 348
498 15
499
500
501 474
502 465
503 971
504 921
505
506 335 499
507 104 60 536
508 860
509 260 431
510
511 827
512 609
513 543 363
514 542
515
516 929 264
517 716
518 13 819
519 1 103
520 105
521 163
522 531 932 946
523 46 906 758
524 150 48 258 959
525 139
526
527
528 377 828 903
529
530 568 393
531 481 130 392
532 631
533 628 777
534
535 245 489 527
536 721
537
538 189
539 986
540
541
542 688
543 487
544 67
545 997 604
546
547 143
548
549 309 172
550 580
551 414 795
552 371 727
553 907
554 317 734
555 794
556 403
557 141 261
558
559
560
561 22 627
562 949 61
563
564
565 285
566 595 916
567 538 581
568 255 188 636
569
570 637
571
572 41
573 429
574 979
575 759
576 846
577 872
578
579
580 52
581 513 584
582
583
584 92 779
585 939 692
586 266
587 585 667
588 240 944
589 807 331
590 468 622 815
591 763 848
592 76
593 442 221
594 301
595
596 198
597 601 633
598
599
600
601 118 53 506
602
603
604
605 589
606 972
607 473
608 361
609 312 769
610 120
611 165
612 804
613
614
615 619 3 564
616
617 341
618
619 73 157
620 599
621 368 417
622
623 681 528
624 717 406
625
626
627 501
628 960 151 219 987
629
630 86 96
631 911
632 973
633
634
635
636
637
638 526
639 708 68
640 28 339
641 590
642
643
644 533
645 241 313 346
646 424
647 351 452
648
649 347 412
650 358 357
651
652
653 870 149
654 171
655
656 695
657 623
658 889 991
659 597
660
661 146
662
663 191 928
664 437 206
665 504
666 438 814
667 212
668
669 413
670 354
671 750
672
673
674
675 510
676
677 605 569
678
679
680
681 316 287
682
683 539 447
684
685 905
686
687
688
689 108 387
690
691 683 268
692
693 243 194
694 926
695 7
696 324
697 271
698
699
700
701 410
702 44
703
704 918
705 235 700
706 395
707 336
708 20 989
709 530 992 647
710 837 523 259 441 641
711
712 444
713 990 296
714
715
716
717 110 294
718 964
719
720 116
721
722 639 817
723 701
724
725 936
726 200 433
727 300
728 826 784
729 115 671
730 345 482
731 669
732 896
733 500
734 679
735
736 853
737 490
738 498
739
740 79
741 723 658
742
743 748 97 931
744 508
745
746 855
747 182 330 373
748 168 269
749 87
750
751 602
752 620
753
754 456
755 587 279
756 884
757 796
758
759 399 969
760 210
761 797 463
762
763 980
764 579
765 573 919
766 831
767 84 181
768 691
769 132 408
770
771 267
772 332
773 89 514 886
774 229
775 448
776
777 376
778
779 100 770
780 454
781 632 445 493
782 27 876
783 874
784
785
786 532
787
788 8
789 885
790
791 736
792 205
793 875
794 603
795
796 656
797 160
798 153
799 829 111 326 643
800
801 553 898
802 238 256 31
803 137 30
804 663 458
805 835
806 135 459 843
807 743 650
808 873
809 862
810 59 119
811
812 968
813 676
814
815
816
817 227 847 871
818 649
819
820 140
821 265 571
822
823
824 72 646
825 524 162
826 698
827 996 288
828
829 755 757 900
830
831 2 443
832 333
833
834 655
835 154
836 75 274 948
837 654
838 281
839 877
840 411
841
842 204
843
844
845
846 791
847
848 718
849 286
850
851 35
852 521
853
854 356 492 598
855 390 982
856
857 851 32 185
858 478
859
860 583
861 225 497
862 957
863 193 778 923
864
865 161 10 427 496
866 545 246 462 477
867 144 382
868 275
869
870 328 975
871
872
873 883
874
875
876
877
878
879
880
881
882
883
884 329 934
885
886
887
888 322
889 844
890 69 849 292 830 881
891
892
893
894
895 77
896 440
897 247
898
899 984
900 117
901 152
902 199 81 869
903
904 186 832 775
905
906 704
907
908 58 662
909 308 126 515
910
911
912 995
913 902
914
915 78
916
917 839
918 665
919 509 534
920 107
921 106 302
922
923
924
925
926 910
927
928
929 428 686
930 248
931
932 548
933 359
934 404
935
936 327 774
937
938 173 365 540
939 201
940 882
941 677 17 761
942
943 74
944 278
945
946
947
948
949 85 592 920
950
951
952 24
953 394 790
954
955
956 179 976
957 785
958 760 635
959 998
960 725
961
962 57 789
963
964
965 464 800
966 349 66
967
968 314
969
970 337 821
971 158 962
972
973 593
974 374 320
975
976
977 953 749 816
978 215
979
980 965 735
981 550
982
983
984
985 737
986 192
987 822
988 398 169 747 400
989 270
990 71 402
991
992 175
993
994
995 167
996 611 196
997 136
998 352
999 340
