#/Users/schmidt73/Desktop/fastppm-data/bin/simulate.py --mutations 100 --samples 3 --coverage 30 --seed 20 --output sim
# GMT Fri Sep 13 14:24:19 2024
# 
0 81
1 42
2
3 20
4
5 7 90
6 57 50
7 40
8 33 91
9 16
10 11
11
12 46 96
13 54
14
15 4 34
16 39
17 77
18
19 93
20 97
21
22 10
23 67
24 74
25 38 21 59
26 79
27 32
28 1 98
29
30 3 45
31
32 78 94
33 2 23
34
35 53 76
36 35
37 99 58
38 15 48 55 72
39
40 52
41
42
43 14
44
45 19 61
46 28 60
47 8 37 71
48
49
50 41
51 65 95
52 12
53 29 44 51 86
54 62 24
55
56
57 26 87
58
59 68
60 70 89
61
62 47 25
63 43
64
65
66
67
68 66
69 6
70 13 69 63
71
72
73 88
74 17
75
76 85
77 9 56
78
79 73
80 5 64
81 80 22 75 83
82
83
84
85
86 92 84
87
88
89 31
90
91 30 36
92 82
93 27
94
95
96
97
98 18
99 49
