#/Users/schmidt73/Desktop/fastppm-data/bin/simulate.py --mutations 1000 --samples 3 --coverage 30 --seed 2 --output sim
# GMT Fri Sep 13 14:25:30 2024
# 
0 478 395
1 908
2 94 419
3
4
5 212 501 662
6 542
7 895 739
8 791 119 685
9
10 303
11
12 775 272 877
13 916
14 411
15 431 969 591
16 778
17
18 464 174 955
19
20 125 781 399 636
21
22
23
24
25
26 536
27 315
28
29 911
30 694 58
31
32 181 692 994
33 224 499 619 765
34 168 604
35
36 503
37 244
38
39
40 393
41 231 57
42
43
44
45
46 459 958
47 227
48 79 600
49 754
50
51 811
52 879 544 153
53 232
54 725
55
56
57
58 555
59 589
60 400 899
61 865
62
63 869 717
64
65
66 71
67
68 93 747 749
69 527
70
71 30
72 331
73 818
74
75 37
76 736
77 653 738
78 89 910
79 323
80
81
82
83 436 84
84
85 639
86
87 621
88 290
89
90
91 661
92
93 766
94 454
95 44
96 835 345
97 832 626 787
98
99 308
100 614
101 53 88
102
103
104 844
105
106
107
108 52 435
109 348 118 341 258 287 697
110 238 690
111
112
113 864
114
115
116
117 122 821 932
118 637 205
119
120 418 145
121
122 757
123 881 764 252 826
124 562 940
125 48 31 233
126
127 391
128 313
129
130
131 228
132 651
133 937 772
134 997
135 353
136 831
137 166
138 107
139
140 14 409 456
141
142 112 922
143 10 13 746
144
145 451
146 163 416 546
147
148
149 750 138 767
150 677
151
152
153
154
155 343
156 15 162 748
157 87 487
158 522
159 797 905
160 430
161 321 325
162 673
163 169
164
165 667 34
166 808
167 790
168 269
169 957 401
170
171 259 377
172
173 5 740
174 126
175
176
177 194 326
178 488 845
179
180 511
181
182 301
183
184
185 483
186 866 467
187
188 236 703
189 441 944
190
191 188
192
193 650
194 531
195 470 295
196 594 309
197 741
198 920
199 947
200 548
201 901 917
202
203 197
204 794 960
205
206 861
207 120 65
208 185 963
209 476 815 152
210
211 279
212 26
213 814
214 648
215 267
216 195
217 91 268
218
219
220 656 987 762
221 535
222 613 926
223 890 18 9 336
224 136 785
225
226 276 72
227 873
228 218 606
229 189
230 638
231 420 655
232 550
233 289
234 526
235 285
236 386 16 298
237 51 300
238 217
239 246
240
241 56 96
242 282
243
244
245
246 918
247 605
248 368
249 837
250
251 950 29
252 452
253 490
254
255 6 250
256
257
258 720
259 616
260
261 63 871
262
263
264
265
266 229
267
268
269
270 222 954
271
272
273
274 108
275 839
276 379 576 733
277 539
278
279 721
280
281
282 578
283 67
284 583
285
286 207
287
288 35
289 134
290
291
292 190 679
293 144 889 571
294 744
295 644
296 688
297 193
298
299
300 357
301 2
302 784
303 77
304 438 813
305 158 260
306
307 38 106 534
308
309
310 734
311
312 97 202 657 480
313
314 913
315 330
316 329
317 579
318 902 595 909 995
319
320 73
321 312
322
323 155
324 208 101 167 389 602
325 204
326 817
327
328 665
329
330
331 137
332 275
333 178 241 121 857
334 466
335
336 230
337 40 664 801
338
339 803 792
340 978
341 508
342 146
343 610 105
344
345
346 948 551 448
347
348 635 33
349
350 486
351 533
352 666
353
354 714
355 829 630
356 658
357
358 170
359 647
360 479 716
361 514
362 715 284
363 417
364 319
365
366 358
367 76
368 681 277
369
370
371 278
372 402
373 556
374
375
376 242
377 842
378 755
379 726 952
380 956 586
381
382 327
383
384 718 299
385 141 177 588
386 974 838 545
387 795
388 735
389 392
390 883
391
392 985
393
394 297 184 440
395
396
397 383
398
399
400 415 585
401
402 601
403
404 396
405
406 849
407 380
408 627 678
409 693
410
411
412 55 659
413 967 847
414
415 201 728
416
417
418 54
419 540 525 968
420 314 157 103 254
421 410 804
422 183 280 709 938
423 669 160
424
425
426 453 777
427 428
428 988
429
430 609 999
431 519 553
432 799 984
433 98
434 253 505
435
436 42
437 862
438 226 306
439 225 371 786
440 347 633
441 906
442
443 812 403
444 257 941
445 365 460
446
447
448
449 372 623 643
450
451 674
452
453
454 788
455
456 397
457
458
459 351
460 672
461 310 723
462
463 113
464 567 307
465 423
466 867 945
467 86 705
468 70
469
470 965 502
471
472 27
473
474 43
475
476 477
477 914
478 624 660 133
479 412 796
480
481 159
482 628
483 110 78
484
485 793
486 953
487 248
488 47
489 384 907
490 404
491 928
492
493 782 642
494
495 211 774
496 986
497
498 127
499
500 892 554 756
501
502
503 699
504
505
506 266
507 557 130
508 359
509 385
510
511
512
513 773 450
514 123
515 176 355 737
516 304 39
517 769 510 805
518 516
519 234 856
520 203
521 973 247
522
523 209 283
524 852
525
526 524 164
527 776
528 474 763
529 46 265 563
530
531 414
532
533
534 996
535 182
536
537
538
539
540 364
541
542 896 426 457
543 641 670
544 951
545 481
546
547 475
548 698
549
550
551 62 538
552
553
554 322
555
556 429
557 61
558 518 32 387
559
560 645
561 625 433 492
562
563 405
564 82 640
565
566
567 631
568 339
569
570
571
572
573
574 863
575 543
576 770 599
577 99
578 147 822 830
579
580 564
581 286 179
582
583 998
584 561 374
585
586 632
587 328 445
588 317
589
590 223
591
592 523 853
593
594 990
595 843
596
597 446 753
598
599 607
600 407 587
601 875
602
603 780
604
605
606
607
608
609 36
610 592
611
612 192 570 912
613 59
614 214
615
616 292
617 900 28 338 680
618 704
619
620 361
621
622
623
624 117
625 342 712
626 580 565 566 939
627 507
628
629 80 394 262 263 615
630
631 568 305
632 344 370 966
633 493
634 732
635 66 828 859
636 473
637 708 349
638
639 520
640
641 559
642
643 989
644
645 172 363 532 618
646 904
647 972
648
649 612 245
650 180
651
652
653
654 90 768
655
656 924 434
657 264
658 970
659 362
660 216 676
661 491 701
662
663
664
665 880
666 210 537
667 887 129 398
668 469
669 23
670
671 7
672
673
674
675 603
676 104
677 443
678 296
679 923
680
681 240
682
683 729 45
684 489 719
685
686 825
687 324 872 711
688
689
690 682
691
692 751
693 128 509
694 500
695 19 496
696 151
697
698 161 83 444
699 512
700
701
702 376
703
704 598
705
706 360
707
708 274
709 482
710 855 745
711
712
713
714
715 81
716 515
717 846
718 408
719 406 373
720
721
722 976
723 943 634 876 919
724
725 836
726 898
727
728 219
729 8
730 691 885
731 4
732
733
734 549
735 187
736
737
738
739
740
741 927 235
742 722 833
743 350
744
745 75 455 819
746 465 215
747 256
748
749
750 617
751
752 251
753
754
755 991
756
757 810
758 425 569
759
760
761
762 992
763 497 574
764 139
765
766
767 981
768
769 959
770 521 332
771 929 485
772
773 22
774
775 752 243 700
776
777
778 198 894
779
780 111 316
781 281 860
782 611
783
784
785 575
786 663
787
788 11
789 142
790 572
791 85 437
792
793 759
794
795 530 713
796
797
798 980
799
800 854 390 375
801
802 931
803 109
804
805 925
806 196 608
807
808
809 320 820
810 558
811
812 69
813 273
814 293 727
815 581 471 977
816 92
817
818 413
819
820
821 116
822
823
824 949
825 143 461
826
827 824
828
829 547
830
831 367
832 17 668
833
834 449
835 961
836 761
837 686 652
838 646 848
839
840 21 388
841
842 378
843 311
844
845 649 495 758 827
846 724
847
848 975
849 590 288
850
851
852 12
853 291 458
854 165
855 513
856 934
857
858
859
860
861 140 64 789
862
863 891 783
864
865 220 622 935
866 903
867
868 463
869 20 346 529 334
870 695 154 560
871 993
872 150 381 946
873
874 369
875
876
877 689
878 823
879 249 710
880
881 149 840 593 841
882
883 816
884
885
886
887 173 468
888
889 421
890 261 25 868
891 760
892 255 439 915
893 24 422 597
894
895 936
896 942
897 921
898 60 706
899 964
900 800 237
901 684
902 671 156
903 1 584 654
904 802 335
905 878
906 95 49
907
908
909
910
911 675
912
913 50
914 742 743 302
915 427
916 696 494
917
918 340 472
919
920
921
922
923
924 186 102
925
926
927 771
928 206 200
929 114 171
930
931 629 432
932
933 809
934 806
935
936 221 702 504
937 356
938 888
939
940
941 834
942 893 506 971
943 874
944 517 132
945
946
947 687
948 337
949
950 982 382
951 199 528
952 68
953 148 354
954
955 886
956 870 498
957 318
958
959 333 779
960
961 577
962
963
964 582
965 191 41 447
966 596 962
967 100 573
968 897
969 683 979
970
971 442
972 798
973 933 74
974 3
975 175
976 239
977
978 731 730
979 213
980 135 271 930
981 294
982 620 366 807
983 462 882
984
985 424
986
987 115 983 851
988 858
989
990 131 484
991
992
993
994 707
995
996 552 884
997
998 352 541 850
999 270 124
