#/n/fs/ragr-research/projects/fastppm-data/bin/simulate.py --mutations 500 --samples 3 --coverage 1000 --seed 18 --output sim
# GMT Sun Oct 13 15:00:41 2024
# 
0 392 247
1 161 10
2
3
4
5 407
6
7
8 250
9 215 210 279
10 421
11
12
13 444
14
15 463
16
17
18 371
19 369
20
21 119
22 286
23 187 490
24 427 129 192
25
26
27
28 70
29 186 265
30 60 376
31 255
32 146 308 461
33
34 37 172
35 157 382
36 16 398
37 83 489 431
38 196
39
40 117 403 430
41 106 336
42 169
43 375 338
44
45 271 25 259
46 195 143
47 61 180 120
48 276
49 322 466
50 456
51
52 168 457
53
54 85 103 433
55
56 387
57 349 492
58 75
59 420
60 359
61 82
62
63 291
64 313
65
66
67
68 220
69 73
70
71
72 396 435 170 224
73
74
75 478
76 178 472
77
78
79 47 350 264
80
81
82 321
83 173 491 149 477
84 288
85 292
86
87 68
88 417 365
89
90 95
91 437
92
93
94 309 229
95
96
97 43 304
98 415 28
99 298 223
100 34
101 88
102 42 373
103
104 213
105
106 102 240
107
108 285 122 413
109
110 459
111 22
112 126 367
113 340 32
114 57
115 312 464
116
117 399 130 319
118
119 252
120
121 150
122
123
124 49 50
125
126 3 316
127
128
129
130 87
131
132 326
133
134 241
135 55 438
136 384 306 411 249
137 422
138 4 486
139
140 201 54 90 256
141 300 450
142
143 455
144 23 140 132
145 273
146
147 181
148 467
149
150
151 270
152
153
154
155
156 305
157
158 183
159 15 236 134
160
161 307 499
162
163
164 160
165 330 370
166
167 239 394
168 424
169 290
170
171
172 383 404
173 358 138 257 442 64
174 395 188
175
176
177
178 356 268
179 135 107
180 333
181 473
182 484
183 263
184
185 475
186
187 197 194 377
188 318
189 462 92 360
190 208
191 481
192
193 287
194
195 207 209 231
196
197 458 441
198 246 408
199
200 1
201 447 331
202
203
204 448
205 116 328
206
207 101
208 311
209
210 147
211
212 18
213
214 388 337
215 182 380 346
216
217
218
219
220
221
222 324
223 443
224
225
226 156
227
228
229 280
230
231
232 401 440
233
234
235 163
236 127 237
237 203
238 158 113
239
240 121
241 269
242
243
244 368
245
246 294
247 432 39 214
248 339
249 372
250 69 470 362
251
252 465
253
254
255 233
256
257 295
258 397
259
260
261
262
263 97
264
265 409
266 320
267 446 476
268
269 315
270 355
271 348
272
273
274 262
275 345 12
276 99
277 238 445
278
279 245
280
281 124 152 497
282 366 179
283
284 419 325
285 386
286 281 332
287
288 389 53 439
289 76 261
290 45 353 436
291 460
292 66
293
294 296
295 5 14 385
296
297 8
298 334
299
300 65 274
301 272 303
302
303
304
305 142
306 205 496
307 244
308
309 429
310 79 9 58 222 228 488
311
312
313 361 217
314 299
315
316 364
317 418 48
318 293 391
319 400 234
320
321 483 108
322 40 354 452
323
324 171 393
325
326
327 166
328
329 390
330 428
331
332
333 89 232
334 7 493
335 41 125
336
337
338 96
339 159 190 218
340 59
341 363 425
342
343 310 29 63
344 225
345 297
346
347
348 11
349 36 77
350 128 219
351 105 131
352 211 344
353
354
355 112
356 343 98
357 412
358 200 341 148
359
360 329 342
361 21
362
363 133
364 416
365
366 26 62 67 374
367 86
368 2 56 357
369 52
370
371
372
373
374 260
375 100
376
377 302
378 176
379 13 243
380 114
381 216
382
383
384 35
385
386 27 141 206
387 275 258
388 254
389 20 94
390 104
391
392 495 72
393
394
395 109 139 175 468
396 282 74 351 449 498
397
398
399 46
400 137
401
402 327 193
403
404
405 283
406
407 469
408 482
409
410 44 202
411 177
412 189
413 381
414 78 251
415 248 191
416
417 136 485
418 151
419 227
420 474 184
421
422 71
423 174 110 165
424 267
425
426 185 347
427 277 80 426
428
429 118
430
431
432 84
433 123 352 253
434
435 423
436
437
438
439 115 314
440
441 153 494
442 289 111
443
444
445 414
446 144 198
447 33
448 212 31 451
449 167
450 164
451 410 91
452
453 221 242
454
455
456 93
457 145
458 6
459 235
460
461
462 51
463 402 278
464 454
465 204
466 154
467
468
469 405
470 284
471
472
473
474 317 480 301
475 378
476 479
477
478 30
479 230
480 453 434
481 471
482
483 19
484 335 266
485 81
486
487 24
488
489 226
490
491 379
492 155
493 162 406
494
495 487 17 38
496 323
497 199
498
499
