#/Users/schmidt73/Desktop/fastppm-data/bin/simulate.py --mutations 2500 --samples 3 --coverage 30 --seed 14 --output sim
# GMT Fri Sep 13 14:32:15 2024
# 
0 538
1 54
2 2020
3
4
5
6 1903
7 1783
8 1956 757
9
10 1339 1709
11 2398
12 1861
13 440 1074 87 1152
14
15
16 597
17
18 700
19 36
20 559
21 1165 2318
22 397 1601 2073
23 2126 1725
24
25
26
27 934
28 2185
29 243
30
31 1448 720
32
33 2247 877 1812
34
35
36
37 1598
38 2223
39 992
40 1064 1078
41 660 794
42 1639 1534
43
44
45 293 2389
46 429 995 747
47
48 2341
49 1201 1708 393
50 912
51 1987
52 1769
53 1964
54 1583
55 1039 162 1876
56
57 889 2234
58
59 2003 431 2153
60
61 819
62
63 200 988
64 1629
65 691 1994
66
67 2475
68 1908
69 539
70 741 2168
71
72 421 868
73 1577
74
75 805
76
77 183 1032
78 336
79
80
81 1310
82 722 1437
83
84
85 191
86 1282 1988
87
88 2366
89
90
91
92 95
93 1533
94 910 2351 1109
95 915 640 1382
96
97 1827
98 22
99 2181
100
101
102 383 1131
103
104
105
106 1240 1979 1220
107
108 1158
109 2422 713 1738
110 2195
111 1361
112 1983
113 1984
114
115 1582 2312
116
117
118 195 1096 1541
119
120 1128 1254
121 2437
122 2372 2396
123 565
124 188 630 1349 1877
125 57 890
126 1634 1849
127
128 1051
129 213 939 2029
130 923
131 2134
132
133
134 2476 237 1683
135 20 825 1822 2147
136
137
138
139 318 839
140 2183
141
142 343
143
144 718
145
146
147 267 1515
148 1538 1279 1754
149 1852
150
151
152 1094
153 69 1700 2457
154
155
156
157 23 614
158 867 1863
159
160 1079
161 1404
162 1631 447 1912 2205
163
164 2008
165
166 1525
167 1305
168
169
170 663
171 316 1059
172 1213
173
174
175
176 2175
177 898
178 735 2416
179 1264 1493
180 1299
181
182 1809 309 586
183 2056 1909 346 1932
184 609 242
185
186 119 1654
187
188
189 164 1826
190
191
192 63
193
194
195 360 1118
196 108
197
198
199 693
200
201 56 483
202
203
204 1825
205 1403 1596
206 122
207 2097
208 1311
209 1793
210
211 426 1227
212
213
214 2250 139 2101 1500
215 946 1775 2164 2306
216 531 1452
217 852
218
219
220 2186 2298
221
222 324 1478 1918
223 511 801 2271 1878
224
225
226 1993
227
228
229 1068
230 2304 1313
231 642 1518
232 313 2012 2481
233
234 2229 1436
235
236 784
237 264 2303 906 994 2279
238 1888
239
240 367
241
242 1632
243 2288
244 1017
245
246
247 1670 2235
248 1790 1255
249 1974 241
250 2149
251 255 1354 1409
252
253 2314
254 2230 1002
255
256 904
257 1226 507
258 526
259 1274
260
261
262
263 537 2210 2063
264 1496 338 2257 1266 2402
265 2354
266 851 1696 2434
267 742
268 884
269
270 523
271 469 1630
272 2224
273 356 1196
274 1323 1400
275
276 545
277
278
279
280 2276
281
282
283 1495
284 2095 1077 208
285 665 1294 2007
286
287 298 535 2409
288 1381
289 1766
290 365 62
291
292 1458
293 33 1315 2379
294 862
295
296 276 1337
297
298
299
300
301
302
303
304
305
306 2473
307 1619 858
308 1161 305
309
310
311
312
313
314
315 1317
316 1139
317
318
319 837
320 1774 2393
321 2132
322
323
324 2361 2039
325 2232 1502
326 430
327
328
329 174
330
331
332
333 1834
334 1037
335
336
337 1885 510
338
339
340 72 1526 1009
341
342 1687 428
343 392 2478
344 1704 218
345 667
346 953
347
348 2435
349 2000 1720
350 2380 1108
351
352 2459
353
354
355
356
357 2120 486 1741
358
359
360 581 1241
361 342 1070 1561
362
363
364
365 61
366 1935
367 83 1593
368
369
370
371 2196
372 2124
373 1466
374 2174 1163
375 176
376 1517
377 2054
378
379 989 1129
380
381
382 2129 1212
383 2030 726
384
385
386 1386
387
388 1290
389
390 644
391
392
393
394
395 1905
396 1362 1522
397
398
399 1611 2324
400 1098 2301
401
402 427
403
404 1805
405 151
406 1141
407 2415
408
409 1137 1258 2320
410
411
412 1682 152
413
414
415 1739
416 1249
417
418
419
420
421 112
422
423
424 24 1146 372
425 2110 2433
426 280
427 45 1807
428 1764
429 1746 460
430 2426
431
432 1251 2068
433 2447 1325
434
435 2037 292 2087
436 1566 358 2387
437 1357
438 1395
439 1235
440 1571 1587
441 2121 1928
442 178 1455
443 76 800
444
445 938
446
447 2019
448 1167
449 497
450 1972
451
452 2296
453 1211
454
455
456
457
458 226 1417
459 571 978 2150
460 576
461
462
463 233 936
464 1195
465 409
466 366 1592
467
468
469
470 908 1026
471
472 971
473 922
474 1562 2103
475
476 1489 2421
477 177 398 2016
478
479 1657
480 1040
481 47 2046
482 138
483 540
484
485
486 1530
487
488 465 1156 2162
489 64 2018
490
491 2319 844
492
493 1626 1865
494 1943 2499
495
496 1138 2440
497 869
498 2277 1209
499 2024
500 154
501 492
502 1711
503
504 1140
505 1474 2094
506
507 1621 1675
508 25 284 2424
509 1867 116 1785
510 903
511 569 1169 1331
512
513
514 351
515 755 2074
516 1659
517 2098
518 1142 2497
519 2140
520
521
522 354 1435
523 1273
524 1616
525
526 2261 1799
527
528 163
529
530
531 1757 1207 1335
532
533
534 638 1202
535 1319
536
537 632 1612
538 357 2123 1802
539 328
540 574
541 67 1125
542 2287
543 2322
544 297 2035 1950 2052
545 30 201 1477
546
547 1937
548
549
550 410 947
551
552 2125
553
554
555 1913 1879 1883
556
557
558 1672
559 337
560 721
561 1471 2184
562 1157 610 1723
563
564 1114 1444
565 1648 811
566 960
567 845 944
568 818
569 987
570 2352
571 2193
572 748
573 1102 1796
574
575 1921
576 1642
577
578
579 2165
580 186
581 85 887
582
583
584 547
585
586 759 1042
587 1655 2498
588 1360 320
589 855 1781
590 1396 1934
591
592
593 1333
594 1929 2496
595 1555
596
597 921
598 1734 211
599 1919
600 332
601 266 687 2342
602
603 1958
604 505
605
606 432 933
607 976 327
608 1353 1110
609 198
610 1217 1828
611
612 841 2171
613
614 1100 1951
615 943
616 1817
617 2345
618 205 1106
619 1726
620
621 1107
622 2461
623 78
624 2072
625
626 1840 478
627
628 924
629 2325 1613
630
631
632 1760
633 1791
634 2088 512
635 1829 2005
636 35
637
638 2079
639
640
641 1442
642 1602 1884
643
644
645 2338 973
646
647
648
649
650
651 785 822
652 1186 834
653 1047 2443
654 1623
655 588 1277
656 2190
657 278
658 2364
659 2460
660 2131
661 134 19
662 1015
663
664
665 247 1614
666
667 239 1887 1548
668
669 849
670 143
671 79
672 1133
673 2270
674 812
675 400 1060 866
676
677 349 1445 1684
678
679 778
680
681 874
682 981 1344
683 2311 616 957 1897
684
685
686 1280
687
688 1952
689 781
690
691 2275
692 2053 2418
693
694 2187
695 405 2383
696
697 1712 711
698
699 522
700
701
702 1359 1744
703 2204
704 448
705
706 731
707 1660
708 771
709 692 2283
710 761 968
711
712 481 2211
713 256
714 317 388 824 1487
715 21 1564
716 1750 2212
717
718 8
719
720
721 424 468
722 113 1985
723 65 2009
724
725
726
727 777 1407
728 1176
729
730
731
732
733 1869 1018 2445
734
735 274
736
737
738 1997 1447
739 1463 2483
740 1187
741
742 1780
743 2363
744 475
745
746 441
747 1910
748
749 2219
750 2146 2071
751 1208
752 1896 2213
753 1545 2408
754 40
755 2438 359 549 1537
756 1710 381 529
757
758
759
760
761 782
762
763
764 1886
765
766
767 2492
768 1177
769 1610 189
770
771 260
772 2201
773 352 456
774 2244
775
776
777 29
778
779 1123
780 1153 1871
781 633 100
782 882 474 611
783 827 1625 2419
784 546
785 282 732
786 1512 350 940
787 715 1666 2357
788 1379
789 1872 627
790 2336 1606
791 880
792 2453
793 1758
794 2353
795 1624
796 2202
797 1336 1166
798 2468
799 1763 1998
800
801
802 2156
803 2340
804 810
805 2349 2169
806 568
807 1199 672 1716
808 738 263
809
810 655 1173
811
812
813
814
815 951
816
817 376 557 1087
818
819 1948 2373 488
820 2021 941
821 2286
822
823 1132 2470
824
825 406 234
826 1647
827 1124
828
829
830 1599 2253
831
832
833 1576
834
835
836 1309
837 1673 621
838
839
840
841
842
843 1334 1347 1740
844 364
845 1011
846
847
848 961
849 2404 2159
850
851
852 1680
853 1101
854 296
855
856
857 1967 564 2217
858
859 402
860
861 1006
862 82 1889
863 551 2378
864 2010
865 1119 1237
866
867
868
869 220
870
871 262 1371
872
873 273
874 577
875
876
877 238
878 110
879
880 860
881 136
882 149 314 583 594
883
884 977
885 1904
886
887
888
889 446
890 207
891 1925
892 11
893 550
894 2207
895 1190 813
896 1491
897 566 1464 1516
898 631
899 697 2042
900
901 846 1600
902 530 1292
903 647
904 886 1664
905 823 1130
906
907
908 1284
909
910 513
911
912 1112
913 1636 187 1028
914 272
915 1298
916 1145
917 797 1789
918 1949 1387
919
920 91
921
922
923
924 650
925
926
927
928 1532 1850
929 2465 2265
930 570
931 1229
932 58 2200
933
934 596
935 166
936
937
938 766 1882
939 295 993 1457
940
941 2076
942 147 2454
943 411 1982
944 1499
945 1320
946 2240 2331 2130
947
948 1122
949
950 1955
951 1727
952 499
953 2177
954 2004
955
956 299
957
958 53
959 161 321
960
961
962 1688
963 1041
964 2307
965 1806 1573 193
966
967 493 998 1527
968 2346
969
970
971 707 2155
972 2192 1558
973
974 1244 787
975 2246 2089 919
976 168 666
977 1398 2252
978 271 863 2350
979 1230
980 952
981
982 956
983 2450 907
984 515
985 895 490
986 1427
987 520
988
989 1231 1995
990
991 1730 363 2360
992
993
994
995 1340 2308
996
997
998 1021
999
1000 322
1001
1002 103
1003
1004 983 2390
1005 1256 2047
1006 1088 1622 1851
1007 2282
1008 1575
1009 937
1010
1011 1283
1012
1013
1014 542 2180
1015
1016 1970 412
1017 548
1018 34 593
1019
1020
1021 48 798
1022 769
1023
1024
1025 1281 97 1996
1026
1027
1028 235
1029 160
1030 1832 724
1031 1461 341 2487
1032
1033
1034 394
1035
1036 377 527 1482 2011
1037
1038
1039 435
1040 762
1041 2104
1042
1043 1693 1431 380
1044
1045 1007
1046
1047 1844
1048 1223
1049 41 128 1180
1050
1051
1052 312
1053 643 891
1054 1597
1055 1203
1056 155
1057
1058 2138
1059
1060 2161 2092
1061
1062
1063
1064 1476
1065 1194 2329
1066 585
1067
1068 1658 2025
1069 1197
1070 2082
1071 1870 289
1072
1073 244 1168
1074 727 2017
1075 98
1076
1077 2310 897
1078 2013
1079 1779 1895
1080
1081
1082 347 2026
1083 1742
1084 918 1221
1085
1086
1087
1088 13 1364
1089
1090 1414
1091 1715 2078
1092 2122 883 1321 2117
1093 1071
1094
1095 2218
1096 2399
1097 899 725 1103 1608
1098 2178
1099
1100 1475
1101 661 792
1102
1103 1586
1104 1603 1370
1105 729 1389
1106
1107
1108
1109 1898
1110 1035
1111 287
1112
1113 231
1114 1902
1115 534 1900 2394
1116 1990
1117
1118
1119 172 1449
1120 2108 2268
1121 2334
1122 2111
1123 99 403 1797
1124 179
1125 696 2189
1126 622
1127 1426
1128 12 618 413
1129
1130 653
1131
1132 795
1133 2188
1134 1385
1135 853
1136 301
1137 1607 1306 935
1138
1139 651
1140 1136
1141 1649 114 682
1142 438 1289 1271
1143
1144 1916
1145 1590 1232
1146 375 701
1147
1148
1149 763
1150
1151
1152
1153 2231 2264
1154
1155 2429
1156
1157 2115 888
1158 335
1159
1160
1161 1667
1162 457
1163
1164
1165 1581
1166 1089
1167 980
1168
1169
1170 1505
1171 2355 467
1172
1173 1472
1174
1175 26 659
1176 2423 425 1467
1177
1178
1179 1162
1180
1181 2214
1182
1183
1184 1663
1185
1186 1216
1187 536 2154
1188
1189 89
1190 1856
1191
1192 2456 1699
1193
1194 419 684
1195 591 1721
1196 2339
1197 68 2065
1198 836
1199 524
1200 779
1201 1459
1202 269
1203 2285
1204
1205 717
1206 730 876
1207
1208
1209 323
1210 500 300
1211 554 829
1212
1213
1214 2293
1215 635 506 533 1965 1661
1216 1973
1217
1218 228 2491
1219 1424 1615 2070
1220
1221 1503
1222 1295
1223 1549
1224
1225 1304
1226 803
1227 1483 2170
1228 171
1229
1230 2034
1231 453
1232 525
1233 2112
1234 258
1235
1236
1237 1423
1238
1239
1240 2486 1046
1241
1242 470 997 1143
1243 783
1244 2471 202 514 495 1376 2109
1245 2280 1842
1246 88
1247 2463 719 1148 1253
1248 1860 331
1249 1837 169
1250 141 942
1251
1252 281 1635
1253
1254
1255
1256 2269 1066
1257 1480 2002
1258 925
1259 1010 1803
1260 16 227
1261
1262 2044
1263 1470 2439 1160 1992
1264 509 1052
1265 473
1266
1267
1268 654
1269 1013
1270
1271
1272
1273
1274 2142
1275 2001
1276
1277
1278 49 1057 1185 1456
1279 1380 2290
1280
1281 1029
1282 2060 1050
1283 2075
1284 1250
1285
1286
1287 401 1706
1288
1289 450
1290 658
1291 73 2032
1292
1293 967 2323
1294
1295
1296 1892
1297 714 1772 2157
1298 279
1299 970 1061 1238
1300 180
1301 1247
1302 1065 1986
1303 1815
1304 101
1305 378 1714
1306 673
1307 209
1308 2395 1412 1894 2041
1309
1310 2022
1311
1312 620 1556
1313
1314 2441 1847
1315 1873
1316 334 396
1317
1318 1752
1319 2251 791 1722
1320 251 2137 2431
1321
1322 958
1323
1324 1000 1814
1325 1689
1326 1016
1327 624
1328 875 885
1329
1330 1574
1331
1332 2388
1333 118
1334
1335
1336 2302
1337
1338 2337
1339 733
1340 501
1341
1342
1343
1344
1345 436 480
1346 1345 1848
1347
1348 270
1349
1350
1351 2369
1352 975
1353 254
1354 291 1637
1355 1506
1356
1357 190
1358 838
1359 2051
1360 479 831
1361
1362
1363 1857
1364
1365
1366
1367 81
1368
1369 2061
1370
1371
1372
1373 743 503
1374 541
1375 870 1267
1376
1377 277 1411
1378 1553
1379 2015
1380 590 1669
1381
1382
1383 603 1363
1384
1385 2096
1386 250
1387
1388 1907 780
1389
1390 504
1391
1392 285
1393 1759
1394 2031
1395 815 796 2315
1396 1111
1397 584
1398 1421
1399 1731
1400
1401 496 1975
1402 2233 1222
1403 575 679
1404 2090
1405 563
1406 2199 325 156 1854
1407
1408
1409
1410 2410
1411 1147
1412 302
1413 454
1414 1053 1513
1415 75 2148
1416 606
1417 1210
1418 240 1182
1419 261
1420 1150
1421
1422 1479 1531 2407
1423
1424
1425
1426 9 2107
1427 93 1265 1795
1428 1845 1275 986 182
1429 2430
1430
1431 371
1432 2313 1492
1433
1434
1435
1436
1437
1438
1439
1440
1441 984 532 2376
1442 1117
1443
1444
1445 32 2370
1446
1447
1448 1830
1449 304
1450
1451
1452
1453
1454
1455 451
1456
1457
1458 115 1960 1559
1459 59
1460
1461 1543 2152
1462 1181
1463
1464
1465
1466 1293 572 2295
1467
1468 1691
1469 121 339
1470 1640 386
1471 1728
1472 1303
1473 1542
1474 2102 615
1475 370
1476
1477 1263
1478
1479
1480 754
1481 1416
1482
1483
1484 1192
1485
1486 4 90 2328 159
1487
1488 1332
1489 704 2081
1490 894 1930 816 1204
1491
1492 1578
1493
1494 2358
1495 416 1410
1496 2135
1497
1498
1499 969
1500
1501 1171
1502 194 706
1503
1504 1276
1505
1506 1962 2451
1507 94 1858
1508 326 1838
1509 1969
1510 1753 1004 2386
1511
1512 595 1971
1513 690
1514 896 1083
1515
1516
1517 420 2086
1518
1519
1520 389
1521 835
1522
1523 950 1200
1524 2228 124
1525 1589 1671
1526 477
1527 1022
1528
1529 1025
1530 1923
1531
1532 670 1116 1044
1533 709 705
1534
1535
1536 1520 1535
1537 2241 2362
1538 528
1539 2472 2215
1540 1056
1541 2458
1542
1543 2062
1544 920 2425 901 1966
1545 382
1546 2057
1547
1548
1549 221
1550
1551
1552
1553 1462
1554 1346
1555 1490 716
1556
1557 1415 142 1643 2263
1558 1422
1559 999
1560
1561
1562 361
1563
1564 2256 552
1565
1566 86
1567 491 628
1568 1977 2238 2333 764
1569
1570 1569
1571 476 1922
1572 1748
1573 979 384 1620
1574 859 1127 2365
1575
1576
1577 2455
1578
1579
1580 2281 1717
1581 165 2220
1582 2114 315
1583 2309
1584 120 2033
1585
1586 2059
1587 306 1959
1588
1589
1590 1788
1591 404
1592 265 1272
1593
1594 1936
1595 1036 494 1504
1596
1597
1598 1372
1599
1600
1601
1602
1603 1374 765
1604 1099
1605
1606 602
1607 2085
1608 1588
1609 111 1020 1095
1610 2245
1611 2414 613 990
1612
1613
1614
1615 1839
1616 2077
1617
1618 1278 1755 917
1619 70 1954
1620
1621 362
1622 369 1214
1623 793
1624 157 1048
1625 2145
1626 1248
1627 1355 18
1628
1629
1630 1027
1631 407 408
1632 1450
1633
1634 2464
1635
1636 1268 1841
1637
1638
1639 290 728 452
1640 864
1641 129
1642
1643
1644 2427
1645
1646 601
1647 578
1648 1234
1649 2397
1650 7 225 600 1547
1651 1864 1433 2191
1652 1765 158 1868
1653 1408
1654
1655 374 1184
1656 1262 1692
1657 623
1658
1659
1660 1749
1661 1511 2326
1662 617
1663
1664
1665 1488 900 2151
1666 1484 434
1667 914
1668
1669
1670 140
1671
1672 1650 582
1673 2055 385
1674 1113
1675
1676
1677
1678
1679
1680 2225 1318
1681 17 1501
1682 1544
1683 1198
1684
1685 1915
1686 1228 224
1687 173
1688 555 1291 2206
1689 1440
1690 773
1691
1692
1693 2119 2401
1694
1695
1696
1697 1938
1698 905 1104
1699 2403
1700 236 485
1701 686
1702 2411
1703 2172
1704 104
1705
1706
1707 1024
1708 437 2384
1709 1324 1434
1710 1322 1473
1711 107
1712 1507 185
1713 2203
1714 2143
1715 1697
1716 2420
1717 789 2023
1718 1627
1719 560 573
1720 1252
1721
1722
1723
1724
1725
1726
1727 66 1314
1728
1729
1730 170
1731
1732 808
1733 1296
1734 196 1121
1735 1261 2080
1736 799 1218
1737 544 817
1738 637
1739
1740
1741
1742
1743
1744 1373
1745 1594
1746 1801
1747
1748 751
1749
1750 1091
1751 2356
1752 2006
1753 985 648
1754 605
1755 2176
1756 2166
1757 415 1733 1963
1758 5 1155 1638 2367
1759
1760
1761 1609 1933
1762 1729
1763 2359
1764 1399
1765 307
1766 455 2227
1767 1287 1191 2347 2344
1768 1747
1769 2494
1770 871
1771 1014
1772 699
1773
1774 1377
1775 1719
1776
1777 1174 1288 1946
1778 1800
1779 2058
1780 1787
1781
1782
1783 1618 1540
1784
1785 1307
1786
1787 963
1788 2449
1789
1790 626 1674
1791 1326 1308
1792 340
1793
1794
1795
1796 2316
1797 2209
1798 911 1259 2305
1799 2105 1328
1800 1393 2436
1801 414
1802 1528
1803
1804 2412 353 1521
1805
1806 42
1807
1808 807 746
1809 2371
1810 2163 645
1811 2083 916 931 996
1812 286
1813 740 1546 1833
1814
1815
1816 283
1817
1818 1023 1430
1819 772 776
1820
1821 1924 1859
1822
1823 1529
1824
1825 2249
1826
1827 498 37 223
1828 2417
1829 50
1830 199 646
1831
1832 625 1707
1833
1834 1285
1835
1836
1837 712 1367 2216
1838
1839 2260
1840 767
1841 1286
1842
1843 1034
1844 417 1438
1845 2133 2381
1846
1847 1008
1848 865
1849
1850 1329
1851
1852 2406 518
1853 379
1854 1073 1695
1855
1856 774
1857
1858 2226 1705
1859
1860 508
1861 2489 2284 2292
1862 248 1976
1863
1864 1514
1865
1866
1867 1486
1868
1869 892
1870 675 2116 788
1871 1164
1872 466 2208 1678
1873
1874
1875 1776
1876
1877
1878
1879 1931
1880 1665 636 1384
1881 1081
1882
1883 2043 1778
1884
1885 598
1886 1368
1887 303 1090 2045
1888 677 246 1356
1889
1890
1891 1432
1892 2289
1893
1894
1895
1896 902 1668
1897
1898
1899 1030 1429
1900 2278
1901 929
1902
1903 109 1927
1904
1905
1906
1907 38
1908
1909 1698
1910
1911 1465
1912
1913 750
1914
1915
1916
1917
1918 2291
1919
1920 1713
1921 96
1922 1595
1923
1924 268 1391
1925
1926 1005 1082
1927
1928
1929 749
1930 1233
1931 1524 2100 1485
1932 2066
1933
1934
1935 39 1343
1936 444
1937
1938
1939 2484
1940
1941
1942
1943
1944 1439 1498
1945 1732
1946
1947 2391
1948 1441 832
1949 329
1950
1951
1952
1953
1954 1172
1955 2490 1460
1956 948
1957
1958 1193
1959 1397 1633
1960 150 461
1961 1080
1962 433
1963
1964 2091 991
1965 1653
1966 1911
1967 148 1906
1968 80 105 959 676 1188
1969
1970 1681 1989
1971
1972
1973 516 1836
1974 6
1975
1976 1179 2198 2321
1977 723
1978 443 387 2400
1979 1406
1980
1981 592
1982 1085 1560 2221
1983 857
1984 2127
1985 44
1986
1987
1988
1989
1990 1991
1991 649
1992 1425
1993 562 668
1994
1995
1996 856
1997 135 1342 2093
1998
1999 945
2000 1243
2001 14 127 1690 955 2335
2002 1338 652
2003 1069 1092
2004 1215 2040
2005 449
2006 459
2007
2008
2009
2010 167 567 1767
2011
2012 2297
2013
2014
2015 2028
2016
2017
2018
2019
2020 634 964 1366
2021 214
2022
2023 463 1677
2024 294 1646
2025
2026
2027 1874
2028 422
2029
2030 820
2031
2032
2033
2034 192
2035 1813
2036 656 2392
2037 2036
2038
2039
2040
2041
2042 1917 2300
2043 1978 348 487
2044 1358
2045
2046
2047
2048
2049
2050 809
2051 319
2052
2053 1402
2054 2368 355 848 2222
2055 71
2056 15
2057
2058 1330 84
2059
2060 55
2061 77 1219
2062 2136 683
2063
2064 830 1033
2065 445
2066
2067 1550 1552
2068
2069
2070
2071 814
2072 804
2073
2074
2075 203 311 1855
2076 344
2077 1 2243
2078
2079 212 1270
2080 1694
2081 472 1662
2082
2083 2084
2084 2128
2085 117 619
2086
2087 657
2088 2167 639
2089 259 1413 1019
2090 1961
2091 1469 641
2092 1782 2274
2093
2094
2095 458 2262 1944
2096
2097 60 1999 1419
2098 847
2099 215
2100 310 1743
2101 1144
2102 1554 1084
2103 745
2104
2105 133
2106 962
2107 92
2108 913
2109
2110 1045
2111 604
2112 275 1786
2113 245 909
2114 2477 982 1236
2115 1901
2116 1115 2237
2117
2118
2119 137 1914
2120 2432 681 1365 1820
2121 1497
2122 840
2123 821
2124 1570
2125 1405 734
2126 873
2127 1428 1862
2128 972 1175 587
2129 1523 395 439
2130
2131 854
2132 1058
2133 1808
2134 2374
2135 1652
2136 28 708
2137 2064 1054 2179 2348
2138 391
2139 222
2140
2141
2142
2143
2144
2145 1388 2428
2146 257 418
2147
2148
2149
2150 1105
2151
2152
2153 1067
2154 1509
2155
2156
2157
2158 1875
2159
2160
2161 229 1390 2050
2162
2163 2452 930
2164 1481
2165
2166 932
2167 543
2168
2169 153 502
2170
2171
2172 1049
2173 1591
2174 1737 1134
2175 130 216 1679
2176 1383
2177 131 881
2178 442 1519
2179
2180 752
2181
2182
2183 2099 1001
2184
2185
2186
2187 1771 664
2188
2189 2144
2190 3 1301 1735
2191
2192 2462
2193 219 1350 1565
2194 927 1378 2442
2195 1656
2196
2197
2198
2199 2488
2200 197
2201 1031
2202
2203
2204 232
2205
2206
2207 1761 553 2343
2208 599
2209 688
2210 1563
2211 833
2212
2213
2214 1794
2215 806 2375
2216
2217
2218 1170
2219
2220
2221
2222
2223 2067 2048
2224 1536
2225 1510 517 2027
2226 1351
2227 2014
2228 125
2229 736
2230 1189
2231
2232 2377 2332
2233 1159
2234 768
2235
2236 2479
2237 2469
2238 1792 1645
2239 1369 790
2240 965 399
2241
2242 828 1604
2243 2385
2244 1823 1821 1312
2245 1097
2246 608 949
2247 2444 2239 345
2248 1811 1394
2249 175
2250 558 710
2251 589 1773
2252
2253
2254
2255 703 1824
2256 1401
2257 879
2258 2139 1055
2259 737
2260
2261 2467
2262 1302
2263
2264
2265 685
2266
2267 217
2268
2269 1120 10 2069
2270 1043
2271 1724
2272
2273 1551
2274
2275
2276
2277 144
2278 893
2279
2280 842
2281 2248
2282 612
2283 966 1003
2284 744
2285 52 1297 1853 471
2286
2287 1225
2288
2289
2290
2291 2049
2292 1072
2293
2294 1568 1316
2295
2296 775
2297 1443
2298
2299
2300 2160
2301 1751
2302 680 1494
2303 878 2141 2266
2304 2480 1605
2305
2306
2307
2308
2309 954 2317
2310 146 1076
2311 145
2312 702 669
2313 1038
2314
2315
2316
2317
2318 1953
2319 756
2320
2321
2322 106 2173
2323
2324
2325 102 1539 1585
2326
2327 2258 204 662 2194
2328 206
2329
2330
2331 1269 1893
2332 2259
2333 184 1348 2242
2334 126 230
2335
2336 1968
2337 46 1644
2338 1651
2339 826 1957
2340 1257 1224
2341 1628
2342
2343 1685
2344
2345
2346 1246 1453
2347 2330
2348
2349 2
2350
2351 1062
2352 2474
2353 1567 1154
2354 843 1818
2355 1686
2356
2357 1819 579 1890
2358
2359 1418 1093 252
2360 2273
2361 1718
2362
2363 390 1866 1942
2364 1572 1676
2365 1945 253
2366 51
2367
2368 181
2369 580
2370
2371 2255 1341
2372 928
2373 2294 288 1451
2374 27
2375
2376 1777
2377 2405 1151
2378
2379
2380 1745 561 1375
2381 1352
2382 2038
2383 1183
2384
2385
2386
2387
2388 31 760
2389
2390 695 678 1881
2391
2392
2393
2394
2395 1770
2396 521
2397 489 1899 872
2398 1617
2399
2400
2401
2402
2403 1579 2197
2404 1508
2405 1641 1835 1941
2406 689
2407 2272
2408
2409 698
2410 1063
2411 1135
2412 308 519
2413 1702 2182
2414 1300 1468
2415
2416 1980
2417
2418
2419 1205 1940
2420 1454
2421 484
2422 1392 739
2423 132 368
2424 1798
2425 1701
2426 2158
2427
2428
2429 482 556 1086 2446
2430 926 1012
2431 2299
2432 861
2433 770 1939
2434
2435 1920
2436
2437 2113
2438 1580 1810 1880
2439 330
2440
2441 462
2442
2443 423 1947
2444 1557
2445 1245 2118
2446
2447 629 1762
2448 2413
2449 974
2450 1756
2451
2452 1126
2453 2382
2454 333 1446 2485
2455
2456 373 1816 1149
2457
2458
2459
2460
2461 1075 210 1831
2462 1926 2106
2463 1327 1206
2464
2465 1703 786
2466
2467 249 1846
2468 1736
2469
2470
2471 2327 802
2472 1260
2473 850 2466
2474 674
2475 2495
2476 2236 1843 1891
2477 2448 607
2478 1239
2479 123
2480 1981
2481
2482 74
2483
2484 1420
2485
2486 2482
2487
2488 671 1804 464
2489 2267 694 1768
2490 1584
2491
2492 753 43 1242 1178
2493
2494 1784
2495 758 2493
2496 2254
2497
2498
2499
