#/n/fs/ragr-research/projects/fastppm-data/bin/simulate.py --mutations 100 --samples 3 --coverage 30 --seed 1 --output sim
# GMT Sun Oct 13 15:00:03 2024
# 
0 27 40
1
2 59
3
4
5
6 9
7 29 62
8 18
9
10 42 44
11
12 69
13 73
14 75 96 95
15
16
17 11
18 78
19 54
20 77 47
21 70
22 3
23
24 65 99
25 28 30
26 12
27 46 83
28 49
29 92
30 52
31 50
32
33
34 23
35
36 71 39
37 63
38 32
39
40 17
41 89
42 26 38
43 16
44
45 66 36
46 87
47
48 5 68
49 61
50 74
51 1
52 94
53
54 34
55
56
57
58 53
59 41 45
60 56
61
62
63 13 19
64 2 22
65 88 15
66 33
67 82 6
68
69 76 57
70
71 84
72 64 37
73
74
75 51 79
76 31 97 93
77 24 90
78 67
79 55
80 4
81 91 21
82 14 10
83 72 20
84 35
85 8
86 85 43
87 86
88 81
89 48
90
91 7 60
92
93
94
95 98
96 80
97 58
98
99 25
