#/Users/schmidt73/Desktop/fastppm-data/bin/simulate.py --mutations 1000 --samples 3 --coverage 100 --seed 8 --output sim
# GMT Fri Sep 13 14:26:12 2024
# 
0 305
1
2
3
4 700
5 938
6 212
7
8
9 342 710
10 520
11
12
13
14
15
16
17 281
18
19 443
20 995
21 593
22
23 56 991
24 740
25 706
26
27 714 363
28
29
30 230 10
31
32
33
34
35 891
36 155
37 914
38
39
40 80
41
42 188
43 55 952
44 894 332 792
45 827
46 516
47 965
48
49 14
50 278
51 947
52 536
53
54
55 220
56 793
57
58
59
60
61 501 682
62 361
63
64
65 276
66 318 59 83 542
67
68
69 196 949
70 595
71
72
73 275
74 482 273 469
75
76 51 925
77 518
78 496
79
80
81
82
83 752
84 599 934
85
86 269
87
88 984 568 822 320
89 367
90 564
91 783 286 980
92
93 442
94
95
96 362 687
97 870
98 204
99 642
100 360 654
101 481 237 996
102 171 416
103 168
104 92 603 509
105
106
107 488
108 547
109 345
110
111 164
112 892 274
113
114 16
115 430
116
117
118
119 486 756
120
121 252
122 152 18 317 665 800
123
124
125 979 108
126
127 236
128
129 90 785
130 201
131 640
132
133 74
134
135 427
136
137 678 823
138 598
139 186
140 105
141
142 726
143 977
144 228
145 382 412 845 753
146 616
147 578
148
149 821 931
150
151 541
152 515 851
153 20 608
154 381 494
155
156
157 192
158 537
159 449 875
160 905 850
161 61 962
162 899
163 717
164
165
166
167 514
168 503
169 679
170 380
171
172 235 724
173
174 284
175 636
176
177
178 574 81 553
179 445 625
180 806 7 85 880
181
182
183 562
184 588 959
185 106
186 12 910
187 425 282 312
188 904
189 607 250 751
190 392 431
191 137
192 4 884
193 405 890
194 475
195
196 653 817
197
198 169
199
200 333 387 750
201
202
203 652
204 409
205
206 109
207
208
209
210 801 669 941
211 889 981
212
213 251
214
215 498 499 670 680 702
216 749 34
217
218 563
219
220 918 476
221 586
222 460
223
224
225
226 513 954
227 364 994
228 805
229 28 587
230 535 418
231 193
232 417 661 974
233
234
235 577 775 93
236 349 787
237 743
238 903
239 804
240
241
242
243 590
244
245 208
246 839
247 265
248 195 912
249 584
250
251 260
252
253 604
254
255
256
257 375
258 238
259 191
260
261 638 356
262
263 528
264
265
266 897 517
267
268 755
269
270
271
272 883
273
274 795
275 270
276
277
278 898
279 612
280 167
281 463 840
282
283 988
284
285 497
286 32 326 921
287
288 847
289 985 493
290
291 198
292
293
294 738 3
295 283 676 395
296 373 933 799
297 529
298 937 844 673 953
299 964
300
301 211
302 150
303 245 241 615
304
305 433 691 510
306 414
307 591 288 379
308
309 19 68
310 121 127 861
311
312
313
314 668 895 643
315
316 798 147 556
317 63
318 987
319
320
321
322 180 813
323 6 262 737
324
325
326 266 618
327 1 161 37
328 546 718
329
330
331 402 841
332
333 819
334
335 95
336 487 707
337
338
339
340 689
341 48
342
343 582
344
345 741 112
346 279
347
348 646
349 963
350 834
351 727
352
353 23 583
354 975 454
355 843
356
357 730
358 485
359 644
360
361 524
362
363 258 205
364 703 99 594
365 293
366 120
367
368
369 290
370 42 942
371
372 848 329 600
373
374
375 709 768 512 956
376 833
377 527
378
379
380
381
382 466 132
383 929 256
384 76 645 928
385 502 300
386 148
387
388 534
389
390
391 153
392 888 919 838
393 128
394 704 441
395 957
396 992
397 663 886
398 138
399 240
400
401 630
402 842 545 754
403 721
404
405 322
406 413 776
407 771 233 611 868
408 447
409 716
410 667
411
412 25
413 223
414
415 372 983
416
417 854
418
419
420 451 243
421
422
423 571
424 190 314
425 882
426
427 907
428
429 202
430 715
431 448
432 480 951
433 686 993
434 927
435
436 124
437 837 623
438
439 271
440
441
442
443 313
444 346
445 178 33 303 428
446
447 484 505
448 29
449
450 422 763
451 49 15 151
452
453
454 950 627
455
456 66 639 572
457
458 26 253
459 47
460
461
462
463
464 347
465
466 323 44 104 853
467 622
468
469 400
470 156
471
472 172 366 446 606
473
474 311
475
476 467
477 634 255
478 739 13
479
480 592 316 214
481 116 376
482 478
483 401 908
484 354 210 67
485 246 435 461
486 773
487 296
488 96
489
490 511
491
492 140
493 403
494
495 930
496 301 650
497 459
498
499
500 351 84
501 114 748 315
502 291 174
503 681
504 444
505 911 770
506 955
507
508 479
509
510 436
511 78 948
512 458
513 399
514 328
515 759
516
517
518
519
520 881 732
521 958
522 175
523 968
524
525
526
527
528 429
529 657 849 390
530 126 874
531
532 117
533
534
535 257
536 302 183 666
537 472 239 415 86 136
538
539 285 77 470
540 455
541 38
542 858
543
544 747
545 184
546 227 624 683
547 507 550
548
549
550 544
551 635
552 69
553
554 865 859
555
556 163 767 468 926 705
557
558 579 972
559 744 170
560 75 388
561
562 254
563 207
564 41 549
565 424
566
567
568 936 811 374 835
569
570 98 197 548
571
572
573 437 131
574 11 569
575 760 633 421
576 261 558 696
577 8 828
578 46
579
580 426
581 203
582 961
583
584 462
585 31 97
586
587
588 21 357 576
589
590
591 711
592 713
593 39 492 778
594
595 856
596 73
597
598 355
599
600 561
601 876
602 100 766
603 248 551
604
605 65 916
606
607 826 304
608 554 802
609 434
610 860 735
611
612 780
613 832
614 855
615
616
617
618
619 782 398 519 885
620 17
621 420 559
622 567
623 809
624
625
626
627
628
629 990 765
630 573
631 452
632
633 846
634 786
635
636 352 701
637 863
638 896 110
639 200 945
640
641 585 720 982
642
643 54
644 122 294
645
646
647
648
649 103
650
651 358 675
652
653 543
654
655
656
657 94
658
659
660
661 369
662
663 552
664
665 617 998
666
667 699
668 129 378
669 319
670
671 71 913
672 113 601
673 989
674 331 115 489 731
675
676 224 389
677
678 91
679
680 762
681 341
682 247
683
684 141 371 831
685
686 610 917 142 321
687 708
688 523
689 337 789
690
691 830
692
693 206
694
695
696
697 857
698 791
699 725 473
700
701
702
703 298 194 580
704 384
705 655
706 648
707
708
709 359 684
710
711 82 277
712
713 22
714 70
715
716
717
718
719 135 143
720 581 209 440
721
722
723
724 267
725 60
726 746
727 259 736
728
729 978
730 295 758 815
731
732
733
734 27 310
735
736 637
737
738 939 605 869 944
739 999 189
740
741 483 915
742
743
744 134 348
745 790 530 263 215 589 788 871
746 769
747 662
748 308 471
749 943
750
751
752
753 632
754
755 53
756
757 693 712
758 602
759 231 533
760 719 836
761
762
763 660
764 173 336 465
765 960
766 181
767 344
768 179
769 560 439
770
771 688 264
772 879
773
774 391
775 24 818
776
777 540
778
779
780
781 923
782 757 820 386 438
783 946 292
784 976 221 491
785
786 619 280
787
788
789
790 383
791 723
792
793 199
794 64 733
795 334
796 289 160 504
797 408 324
798 36 50
799 659 878
800
801 43 394
802 396
803 456 695
804 40 901
805 232 101 146 242 450 761
806 803 629
807 268 816
808 125 145 62
809 909 597 814
810 794
811 244
812 557
813
814
815 728
816 325
817
818 249 920
819 166 966
820 87 406
821
822 649
823
824
825 784 307 647 779
826 872
827
828 119
829 385 628
830 807 671 340
831
832 532
833 225
834 365
835
836 154 306
837 620 935
838 609 521
839 339 508
840
841 222
842 133 677
843 330
844 57
845 177
846 297 423
847
848 852
849 350
850
851
852 72
853 893
854 2 158
855
856 565 58
857 745 377
858
859 924
860 187 9
861 165
862 772
863 299
864 575 89
865 370 526 626
866 5
867
868
869
870 234
871
872 825 52
873 343 338
874
875 877
876 631
877 722 867
878
879
880 335 368 419 862
881 411 970
882 774 182
883
884
885 525
886 495
887
888 157
889 407 159
890 490 506 694
891
892 393
893 829 226
894 219
895 539
896 185
897 464
898 130 764
899
900 971 218
901
902 477
903 621 887
904
905 555
906 176 967
907 410 397 102 149
908
909 453
910
911 79
912
913
914
915 824
916
917 734 902 900
918 613
919 796
920
921
922 30
923 216 656
924
925
926 538
927 698
928
929 144 641
930
931
932
933 531
934
935
936 500 123 213 692
937 35
938
939 697 658
940
941
942
943 353
944
945
946 729
947 873
948 812
949
950 570
951 651
952 522
953 742 940
954
955 272
956 217
957
958
959
960
961 107
962
963 457 614
964
965
966
967
968 864
969 432
970
971 162 906
972
973 674 969
974
975 808 229
976 309 474
977
978 973 566
979 866 287
980
981
982
983 118
984 922 139 685 932
985 111
986
987 327
988 781
989 986
990 596 672
991
992
993 997 810
994
995 88
996 690
997 45 404 777
998 664
999 797
