#/n/fs/ragr-research/projects/fastppm-data/bin/simulate.py --mutations 2500 --samples 3 --coverage 30 --seed 10 --output sim
# GMT Sun Oct 13 15:07:31 2024
# 
0 101 584 1917
1 197
2
3 1471
4 2144 2484 1017 626 1267
5
6 2251 1701 1693
7 2295
8 1642 1107 2323 2345
9
10 1952
11
12
13 469
14 1228 1097
15
16 181
17 2075
18
19 1664 1297
20 1747 2128 1477 1534
21 692
22
23 920 339
24 333 1804
25
26 816
27
28
29 517
30 290
31 168 2398 1051 2074
32 520
33 1934
34
35
36 1711 1305
37 830
38
39
40 75
41 1489
42
43 2326
44
45 1628
46
47 1661 2070
48 114
49
50 857
51 1235 1499
52 1116
53
54 1326
55 8 720 1006
56
57
58 79 189 1851
59
60 1877 1551 978
61 1752 694
62
63 2272
64 1640
65 117 1412 1095
66
67
68 1590
69 1835
70
71
72
73 906 1750
74 663
75 297
76
77 1059
78
79
80
81 1040
82
83
84
85 1537
86 499
87
88
89
90
91
92
93
94 389
95
96
97 1990
98 1636 2138
99
100 1463
101 2319
102
103
104 2334
105 957
106 319
107 552
108
109
110
111
112 2154 1408
113
114 995 898
115 295
116 1575
117 458 1181 1794
118
119
120 1180
121 14 2353
122 2163 929 942
123 2197 1774 1041
124 1450
125 2020 1257 1106
126
127
128
129 162
130
131 538 1557
132
133
134 1247 1253 2472
135
136 3
137 798
138 2073
139 247
140 683
141
142 99
143 962
144 1318 2394
145 411 1424
146 682 1683
147 60
148 1810
149
150 182
151
152
153 1005 2119
154 2193
155
156 416
157
158 1931
159 775
160
161 1825
162
163
164 1662 2232
165
166 163 318 1527
167
168 2109
169
170 2441
171 519
172
173
174 25 116 133
175 690
176
177 2254
178 862 1920 1317
179 150
180 2402
181 842
182
183
184
185 2069
186 1958 474 2026 2407
187 1588 940 2095
188 751
189
190
191 566 793
192 1938 1856
193
194 337 1879
195 1411 1238
196
197 2017
198
199
200
201
202 1256 1681
203
204 1954 1449
205 1067
206 1239 1703
207
208 907
209
210
211
212 1978
213 2230 1402
214
215 120 1858 853 2245 1930
216 2188
217
218 2417
219 1447
220 2478
221
222 1991 1429
223
224 131 1039
225 2482 1319
226 29 797
227 51 614
228 1964
229 188
230
231 1525
232
233
234
235 1725
236
237 747 623
238 2473
239 956
240 1010
241
242 558 309 570 1959
243 2228 1101
244
245 2008
246
247 1789
248 535 1308 1773 1442
249 204
250 2100 1613
251 2416
252
253 1162 1580 100 2414
254 1032
255
256 1126
257
258 1818
259 1712
260 2447 112
261 1705
262 685 1364 2456
263 1182
264 313
265 2434
266 178 871
267 1604 610 667 1610
268 980
269 1618
270
271 2126 1058 387
272
273 1731
274 2291
275 83 433
276
277 2106 932
278 138 1158
279 1073
280 1532 154
281 1055
282 750 1506
283 176
284 668
285 689 496
286 152 1467
287 1577
288 105
289
290
291 1140 1547
292
293 2087 1670 2190
294
295
296
297 761
298
299
300
301 678 1042
302 1949
303
304 2093
305 425
306 1369 2451
307 2264
308
309 1176
310 1458 1251
311 1716 1826 2158 1226
312 54 355 2425
313
314 1300
315 348 703
316 2194
317 2082 1445
318 1274
319
320 118
321 2380
322 180 2480
323 1208
324
325 31
326
327
328 2300
329 320
330 1108
331 1068 245
332
333 848 1325
334
335 2224
336
337 1574
338
339 2022
340 826 1403
341 1562
342
343
344 2260
345
346 402 1714
347
348 1692
349
350 1083 2182
351 1795
352 187 451 1630
353 1054
354 1977 453 1598
355 718
356 1330 1875
357 1404
358 1071 757
359
360
361 2268
362 732 447 587 2064
363
364 2348 1690
365
366 137
367
368 1932 1720 1475
369 1152
370
371
372 1306 266
373 2016
374
375 725
376 413
377
378
379 1751
380
381
382 92
383 2076
384 2308
385 1092 406
386
387 2161
388 2121
389
390
391 1038
392
393
394 661
395 952 2367
396
397 1415
398
399 530
400 1686
401 1840 865
402 1966 753
403 103
404 2330 263 190
405 259
406 1509
407
408 1972
409 1216
410
411 1122
412 1868
413 121
414 2280
415 1079 1164
416 523
417 1510
418
419
420 479
421
422
423
424 321 329 426
425 1561 1699
426 381
427 1947
428 1638
429
430 1937
431 177 1573
432 1576
433 2370
434 184 473
435
436 918
437
438 89
439 195
440
441 113 825 1749
442
443
444 630
445
446 2489 746
447
448
449
450
451
452 541
453 754
454 696
455
456 129
457 1078
458 1482 58 712
459 1333 1012
460 1352
461 595
462 563
463 358
464 2 135 2422
465
466 1219
467 225 2213
468 1639
469 2048
470 1189 480
471
472 2340
473 1077 1526
474
475 1324 1843
476 252 1857
477 218 1124
478 107
479 1222 374
480 2196 1863 1278
481 78 2302
482
483
484 471
485 376
486 971
487 1569
488
489 1715
490
491 1717
492 1584
493 737 2183
494 1893
495
496
497
498
499 396 1643
500 147 1472 2360
501 2428
502
503
504 202
505 391
506
507 1465 2040
508
509
510
511 2278
512 1293 970
513
514
515 280 360 1820
516
517 776 1536 1968
518 1023
519 1809 2322
520 198
521
522
523 388
524
525
526 2107 1870
527 1014 2184 581 845
528 354 1648
529 2494
530 366 2013
531 2457 1370
532 1348
533 730
534
535 139 1984
536 2361
537 946 466
538 357 1528
539
540
541 575
542 629
543 2495
544 65
545 2032
546 2066
547 863
548 1167
549 124
550 2198
551 1221 47
552
553
554 1919 2091
555 827
556 1542 989
557
558 1340
559
560
561 742
562 941
563 2057
564
565
566 960 46
567 1210
568 495
569 372 390
570
571 2400
572 39 788
573 634
574
575
576
577 1461 1597 2177
578
579
580
581
582
583 1230
584
585 1349 476
586 1462
587 1935
588
589 554 1217
590
591
592 522
593 1508
594 1758 2042
595
596 424
597 1114 1512 708
598 1418
599 394 1277 1842
600
601 1341
602
603 1200
604
605
606
607 305 2439
608 383
609
610 2218 1724 2241
611 872 104 1043 1163
612 892
613
614
615
616
617 2401 2152
618
619 364 949
620 1760
621
622 534 1347
623
624 271 1049
625 61 1160
626 428 1501 2114
627 136
628 602 1778
629
630 2299 580 1748
631 2324 450
632 823
633 698 460 992 837
634 833 2391
635 1266 1080
636
637
638 1220 789
639
640 20
641 2058 1848 1596 727 1866
642
643 620
644 2000 2038
645 567
646
647 2252 2466
648
649
650 2426 1837
651
652 817
653 1490
654 900
655 745
656 472
657 261
658
659
660 244
661 1647
662 1136
663 2162
664 736
665 1194
666
667 653 1854
668 919 881
669 549
670 1452
671 715 1173
672
673
674 48 1915
675
676
677 810 1053 1520
678 1155
679 1161 1926
680
681
682 671 498
683 9
684
685
686 1367 410
687 649
688
689 1427
690
691 10
692 2004
693 1568
694
695
696 1350
697 792
698 1678 1259 1891
699 1338 1529
700
701
702 397 805
703
704 589 1623 2315
705 1516
706 1480
707
708
709 1064 1074
710
711 1028
712
713
714 515 1986 1897
715 2342 1841 1696
716
717 179
718
719
720
721 2440
722
723
724
725
726
727 701 2307
728 1860
729
730
731
732 304
733 1001
734
735 497
736
737 2137
738 243 506
739 288 1147 2010
740
741
742
743 415 2364
744 292 2135
745 2359
746 1763
747 502
748 1479 2030
749
750 598
751
752 2471 236
753 76 2178
754 119
755 1829
756
757 2433 2294 2404
758 2202 1707
759 1523
760
761
762 310 2136
763
764 1644 2002
765 1156
766 1828 967
767
768 200 1473
769 1615
770
771 2221
772 69
773 1985 1614
774
775 2116
776 961 52 2445
777 2204
778
779 1105 1570
780 282 1381
781 640
782 1128 1195
783
784
785 1859
786 586 796 2344 1671
787
788
789 488
790 294 347
791
792
793 1026
794 1460
795 2275 510 1621
796
797 1431 2497
798
799
800
801 404 1805
802 1874
803 859
804 359
805 1476
806
807
808
809 1441
810 240
811 255 501 1910
812 173 677
813 635
814
815 1342
816
817 1987 1481
818
819
820 808
821
822
823 768
824
825
826 1688
827 1745
828 241 2098
829
830
831 1146 86
832 1142 491 1413
833 1066
834
835 465
836 2311 571 931 2462
837 1307
838
839 1225 2185
840 2033
841 544 1533 1249
842 172
843
844 2261 612
845
846
847 1963
848 2175
849 1435
850
851 1592
852
853 1448 1632
854
855 880
856 1945
857 1270
858 1024 1141
859 904 1756
860
861 23
862 90
863
864 1207 1923
865 1989
866
867
868 1976
869
870
871 2216
872 1015 2041
873
874
875 2287
876 1 709 492
877 2356
878
879 2262 1824 2029
880
881
882 230
883 155 1871
884
885
886
887
888
889
890 1103
891 475
892
893 1653
894
895
896
897 1659
898 97 1797 2167
899 1474
900
901 1846 2301
902 2207
903 882
904 1374 170
905 756 2384
906 312
907 2101 85
908
909
910 1298 1502
911
912 2111
913 2200
914 1585
915 982 2286
916 573
917 21 2335
918 556 296
919 2491
920 527
921 175
922 1531
923 2366 642 1356 1784
924 2034 308 577
925 1558
926
927 443 1965 2281
928 1451 787 1816
929
930 529
931
932
933 482 1359
934 1948
935
936 1378 1036
937
938 1673
939 314
940
941
942
943 627 2332
944 1433 979
945 951
946 927
947 2024
948 654 733
949
950 998
951
952 1037
953 814
954 2140
955 375 2368
956 1831
957 1255
958
959
960 2474
961 2329 77 2028
962 17 1215 1530 2036
963 1541
964 38 564
965 889
966 568 1728
967 1757
968 302
969
970
971 2186
972 91
973 1104 2125
974
975
976 43 1746
977 1093
978 1687
979 2328
980 1486
981 242 693
982 1552 639
983
984 1802
985 1096 1016
986 268 1522 2350 1682
987 1117
988
989 2273
990 486 721
991 1376 884
992 446 854 1605
993
994 935 2206
995 1812 2376
996
997
998 1075
999 1867
1000
1001 1019
1002 2363 811
1003 12
1004 221 1453
1005 1719 1734
1006 723
1007
1008 18
1009 1957 487
1010 505 2086
1011
1012 2290
1013
1014 1496 1148 1464
1015 403 273
1016
1017 1710 1823
1018
1019
1020 1940
1021 679
1022 987
1023 464 1882 2170
1024 2327 35
1025 923 1351 1578
1026 1242 1457 1764 1873 2062
1027 1056 1554
1028
1029
1030
1031 440 1565
1032 1612 32 628
1033 806
1034 1177
1035
1036 1212
1037
1038 192
1039
1040
1041 2475
1042 976 1224
1043 2487 1314 1595 2420
1044
1045 2122 1302
1046 2362
1047 1000
1048 2449 616
1049
1050 193
1051 1025
1052 191
1053
1054 711
1055 1240
1056 1243
1057 619
1058 166
1059 1165 958
1060 843 1344
1061 1232
1062 143 2124
1063 50
1064 2336
1065 1254 1245
1066 1355 799
1067
1068 1559 153 1594
1069 2203
1070 214
1071 5 2246
1072
1073 588
1074 699
1075
1076
1077 228 1740 2270
1078
1079 2397 1295 1769
1080 516
1081 1478 1406
1082 551
1083 327
1084 160 1484
1085 1832 2410
1086
1087 867
1088 2021
1089 146
1090 483
1091
1092 1993 277 969 1438
1093 2320
1094 2258
1095 1571
1096 350 1170
1097 1779 2464
1098 377
1099 2165 769
1100
1101
1102
1103
1104 434 1313
1105
1106
1107 212
1108 511
1109 380
1110 1263
1111
1112
1113
1114 260
1115 1655
1116 336
1117 1844 652 2269
1118 216
1119
1120 1336
1121 1921
1122 752
1123 203
1124
1125 2283 2432
1126
1127
1128 1619
1129 1783
1130
1131
1132 662 2187
1133
1134 1153
1135 1641
1136 323
1137 401 1691 2313 1742 2455
1138 1695 1354
1139
1140 705 1030 2321
1141 1276
1142 2379 463
1143
1144 2159 1535 762
1145 1389 1127 1428
1146 249
1147 779
1148 2476
1149
1150 448 1281
1151
1152
1153
1154 1889
1155 2083
1156
1157 1234 1110
1158
1159
1160 1048
1161 1137 1063
1162 346 514 2314
1163 2127
1164 2365
1165 2305
1166
1167 1138 306
1168
1169 1261
1170
1171 94
1172
1173 265 315
1174 186 316 2085 2444
1175 98
1176 1775 2430
1177
1178 1813
1179 559
1180
1181 130
1182 717 547 953 1519
1183 2164
1184
1185 2081
1186 609
1187 159 264
1188 2349
1189 368 1600
1190 28 924
1191
1192
1193
1194 1617
1195
1196
1197 607 1401 1996
1198
1199 2436 459 997 1776
1200 1002 407 1360 1807
1201 84 2431
1202 1488 1876 2157
1203 1171
1204 1939
1205 1315
1206
1207 1250
1208
1209
1210 2102
1211
1212 2238
1213
1214
1215 393 1244
1216
1217 895
1218 1556 2467
1219
1220 1444 317
1221 267 232
1222 2282 864
1223
1224 281 1836 1704
1225 226
1226 847
1227 123
1228 1236 1546 1132
1229
1230
1231 169
1232 2271 2452
1233
1234 1834
1235
1236 1443
1237 26 452
1238 2049 636 666 1417
1239 1495 1414
1240 1203
1241 546 963
1242 777
1243 2406
1244
1245
1246
1247
1248 2490
1249
1250
1251
1252 1771
1253
1254 122 975
1255 2298 2408
1256 256 291 1906
1257 1084 1368
1258 246
1259 481 1419
1260
1261
1262
1263
1264 521
1265
1266 1967 771
1267 1918
1268
1269
1270
1271
1272 44
1273
1274 1018
1275
1276 272 1781 2092 1273
1277 353 695
1278
1279 439
1280 1637 421 1248
1281
1282
1283 276
1284 2084
1285 1994
1286
1287
1288 149 1544
1289 300
1290 2009
1291 704
1292 739 836
1293 1187
1294 947
1295 455 894
1296 2155 2199
1297
1298 876 537 1196
1299 1822
1300 1786
1301 2297
1302 1035
1303
1304 1702
1305 2067
1306 1887 2059
1307 794
1308 646 1385
1309 1674 912 2450
1310 1185
1311 988
1312 1652 2354
1313
1314 822
1315 1925 1309 1231
1316
1317
1318 430
1319 1029
1320 2341
1321 803 157 1608
1322
1323 921 955 785
1324 478 1233
1325 2018
1326
1327 231
1328 142
1329 2131
1330
1331 1269 2054
1332 1847 809
1333 148 2225
1334
1335 194 467 729
1336 1833
1337
1338
1339
1340 597 702 774
1341 728 734 945
1342 382 676 1675
1343 493 1563
1344 1768
1345 1663
1346 532 1587
1347
1348 341
1349 227 758
1350 2479
1351
1352 2045 1380
1353 767
1354
1355 431 331 1907 2253
1356
1357 49 1658
1358 1539 2105
1359 2458
1360
1361 1258
1362 591
1363
1364
1365 1466
1366 2351
1367 841 414
1368 922
1369 504
1370
1371
1372
1373 444 484 1345 2250 2369
1374 1727
1375 1992
1376 229 328 2110
1377
1378 1321 1729
1379 1050 2079
1380 1646
1381
1382 764
1383 832 2171
1384
1385
1386
1387 1908 2047
1388 1808 846 874
1389 1904 285
1390 2156
1391 887
1392 141
1393 303
1394
1395 1062
1396 2266
1397
1398 1626
1399
1400
1401 1150
1402
1403 1130
1404 714
1405 590
1406
1407
1408
1409
1410
1411 1021 1288 1090
1412 41 606
1413
1414 1218 1398
1415 632
1416 1505 125 1149 1586
1417
1418
1419
1420
1421 1052 802
1422
1423
1424
1425
1426 1027 1732 2463
1427 423 2485
1428
1429
1430 408 1291
1431 1172
1432 1651 1229
1433 2104 1129
1434
1435 1838 600
1436
1437 1004 1900
1438 2233
1439
1440
1441 560
1442
1443 2012 279
1444 2078
1445 2256
1446
1447 373
1448
1449 167
1450 1733 1483
1451 2212
1452 1081
1453 905
1454
1455 1981
1456
1457 287 1718
1458 539 2139
1459 807 2240
1460 1780
1461 1334
1462
1463 1337
1464
1465 384
1466 1548 1880 1895 2415
1467
1468 615
1469
1470 1112 1456
1471 650
1472 972
1473
1474 2145
1475 622
1476
1477
1478 716 1884
1479
1480 224 1145 164
1481 1070 1100
1482 174
1483 908
1484 2310
1485 1894
1486 151
1487 2419
1488 2396 2493
1489
1490
1491 356 2358
1492 62 115 1139
1493 395
1494 984
1495 2247 748
1496 2239
1497 1566
1498 2055
1499
1500
1501 1821
1502 660
1503
1504 915
1505 1366
1506
1507
1508 1123
1509 2338
1510
1511
1512 990
1513 1358
1514 2063
1515 1744
1516
1517
1518 1312
1519
1520 1184
1521 298
1522 437 1198 2448
1523
1524 983
1525 412 1914
1526 2005 659
1527
1528 896 2052
1529
1530
1531
1532 1061
1533 144
1534 1611
1535 1310 743 457
1536 540 1287
1537
1538 897
1539 1878
1540 638 1363
1541
1542 485
1543
1544
1545
1546 1416
1547 911
1548 893 128
1549 669 1440
1550 325 1721 974
1551 344 1085
1552 582 860
1553 1524
1554 740
1555
1556 611 948
1557
1558 2243 2267
1559 64
1560 183 1384
1561
1562 2151
1563
1564 2343
1565 1047
1566 127
1567
1568
1569
1570
1571
1572 1373 1285 2123
1573 631 883 1060
1574 1375
1575 2443
1576
1577
1578
1579 385 658
1580 68 999
1581 858 66 398
1582 784
1583 2039
1584 429
1585
1586
1587 850
1588 903
1589 1700 1753
1590 524 1792
1591 158
1592
1593 1581 2214
1594 938 2499
1595 1143 1275 2293
1596 2060
1597
1598
1599
1600 1423
1601
1602 624 1543
1603 332 1971
1604 1591
1605
1606
1607 2201 1197 2208
1608 681
1609 1497 1436
1610 2133
1611
1612 22 1969
1613 1405 1899
1614
1615
1616 1395 369 2011
1617 251 2263
1618
1619
1620 1793
1621 782
1622
1623
1624
1625
1626 1689 2403
1627 55
1628
1629 1033 1191
1630 1432 1046
1631 507 593 2372 2285
1632 2357
1633 766 490 2492
1634 574
1635
1636
1637 2096
1638 2418
1639 2385
1640
1641
1642 36 868 1811
1643 2176
1644 1383
1645 815
1646 102
1647 340 1154
1648 1901 641 553
1649 1666
1650 2255 765 2424
1651 579
1652
1653 2134
1654 1421
1655
1656 42
1657 1361
1658 1328
1659
1660 812
1661 1131
1662 436 2053
1663
1664 1974 468
1665
1666 1798 1946
1667 1299
1668 2169 2195
1669
1670 2113
1671
1672 926
1673 338 2019
1674 625 2014
1675
1676
1677 284 299
1678 2142
1679 63 561 1672
1680 1113
1681 258 1855
1682
1683
1684
1685
1686 1031
1687 1767
1688 1620
1689 1943
1690
1691 30
1692
1693
1694 1353 1372
1695 943
1696
1697 1933 1995
1698 2429
1699
1700 207
1701 1885
1702 2229 605 2147
1703
1704
1705
1706
1707 106 2316
1708
1709 1202 1437 2043 1635
1710 1698
1711 657
1712 1391
1713
1714 1944
1715 1741 1426
1716 1199 726
1717
1718 1726
1719
1720 2355 1864 1211 1446
1721 1961 1102
1722
1723
1724 2180
1725
1726
1727 2389 349 2483
1728
1729 1175 670
1730 665 1913
1731
1732 371
1733 400 1192
1734
1735
1736 1065 2412
1737 1494 1091
1738
1739 2413
1740
1741 1392
1742
1743
1744 1927
1745 643
1746
1747 293
1748
1749
1750 435
1751 454 2481
1752 1264 1538 1072
1753 1928 2149
1754
1755 111
1756
1757 1241
1758
1759 819
1760
1761 583
1762 213
1763
1764 1409
1765 2387
1766
1767 866
1768 2025 1166
1769
1770 1916
1771 2488
1772 994 2181
1773 914
1774 1872
1775
1776
1777
1778 1708
1779 449
1780 1159
1781 1098
1782
1783 1206
1784
1785 1120 1555
1786 1845
1787 1213
1788 925
1789
1790 2173
1791
1792
1793
1794
1795 1790 1007 1583
1796
1797 813
1798 262
1799 738
1800 40
1801 706
1802 934
1803 324 2393
1804 301 2046
1805 1223
1806
1807
1808 2459 11 1645
1809 795 2371
1810 1304
1811
1812 45 1589
1813
1814
1815
1816
1817
1818
1819 219 578 800
1820 1601 1622
1821
1822 2003
1823 1507
1824 1422 2388
1825
1826 1881 1609 1468
1827
1828 910
1829 2312
1830
1831 1922
1832
1833
1834 964
1835
1836 509
1837 1903
1838 933
1839 1492
1840 691 2468
1841 1272 1743
1842
1843 688
1844 674
1845 680
1846 37 818
1847 438 536
1848 239
1849
1850
1851
1852 1599
1853
1854
1855 345
1856
1857
1858 592 840
1859 2381
1860 786
1861 604
1862
1863 1283
1864 1076 1852
1865
1866
1867 409 1853
1868 599
1869 1388
1870
1871 2179
1872 585
1873
1874 1549 1955
1875
1876
1877 1365
1878
1879 201
1880 1579 1787 1936 1950
1881 518 939 2150
1882 1157 675 2390 2411
1883 2288
1884 1459 2409
1885 2215 1796
1886 1399
1887 633
1888
1889
1890 749
1891
1892
1893 1814
1894
1895 1766
1896 763
1897
1898 565
1899 2112 2292
1900
1901 500 1980
1902 899
1903
1904 13 2303
1905 1973
1906 1121
1907 237
1908 2469
1909 456 1953
1910 770
1911 238 1086 1983
1912
1913 851
1914 1425
1915 2099
1916 1785
1917
1918 1271
1919
1920 1634
1921
1922 2333
1923 2373
1924 1357
1925 877 362
1926 1521
1927 2001
1928 820
1929 1469
1930
1931 74
1932 1762 211 2284
1933
1934 1204
1935
1936
1937 618 1511
1938 1911 1301 2118
1939 1331
1940 370 965
1941 1335 2044 1504
1942 2346 1487
1943 1898
1944 1606
1945
1946 621
1947
1948 2352 2174 513 1722
1949 1631
1950
1951
1952
1953 1260
1954 1069 399 902 1685
1955 442
1956
1957 132 2217
1958 16 1493
1959 1169
1960 222
1961 1582
1962
1963 937
1964 533 2374
1965
1966 2242 1390 2219
1967 233
1968
1969 1022
1970
1971
1972 1382 217 2141 2277
1973 1346
1974 617 1667 1736
1975
1976 2097
1977 4 913
1978
1979
1980
1981 1960
1982 1386
1983 2146
1984
1985 2143 981
1986 2072 648
1987 875
1988 2189 334
1989 760
1990 1735
1991 2103 759
1992 6 1362 1782 2226
1993 1627 1327 735
1994
1995
1996
1997
1998
1999
2000
2001
2002
2003 2236
2004 2117 1439
2005 1329 1397
2006
2007
2008 392 1193
2009
2010
2011 1265
2012 2153
2013 2094 2306
2014 855
2015 824 834
2016 2438
2017 59
2018
2019 2427
2020 134 156
2021
2022
2023 275 1214 2050
2024 890 1485
2025 1013
2026
2027
2028 755
2029 1624
2030
2031
2032
2033
2034 1289 2220
2035 1669
2036
2037
2038
2039 1723
2040 2386
2041 1246
2042
2043 2339 1515
2044 2470
2045 87
2046 1343
2047
2048 441
2049 2347 1286
2050 2148
2051 205
2052
2053
2054 2080
2055
2056 1190 1292
2057 526 1179
2058 2435 367 1951 2257
2059 235 684
2060 550 2399
2061 1962 2210
2062
2063 1430 1839
2064
2065
2066 67 2421
2067
2068 594
2069
2070
2071
2072 1186
2073
2074
2075 603
2076
2077
2078 1379 379 1998
2079 1896
2080
2081 82
2082 1290
2083 470 165
2084 637
2085
2086
2087 1800 1339
2088 81
2089 856 886
2090 1125 1470 1830
2091
2092 838
2093
2094 489 2223
2095
2096 34 126 209 2465
2097
2098
2099 993 1178
2100 234 829
2101 1279 613 2077
2102
2103 2235 713 885
2104 1765
2105
2106 1118 645
2107 286
2108
2109 1633 1011
2110
2111 1679
2112 1517
2113
2114
2115 849
2116 1654 1089
2117 2423 985 664
2118
2119
2120 508
2121 2120
2122 2382 1434
2123
2124 1657
2125
2126 879 33 1924 253 2007
2127
2128 966
2129
2130 1420 2453
2131 405
2132 95 707
2133
2134 24 673
2135
2136
2137 891
2138
2139
2140
2141 576
2142 1252 1099
2143 2160 2056 1603 1135
2144 2234
2145
2146
2147
2148
2149 1262
2150 555 1975
2151
2152 2191 2317
2153 1280 270
2154 215 2027
2155 655
2156 96
2157
2158 1869
2159 917 2318
2160 7 88
2161
2162 1514 108
2163 1009 220
2164 1209
2165 1320
2166
2167 1788
2168 572 930
2169 1730
2170
2171
2172 1738
2173 1393
2174 1909 335 959
2175 968 1455
2176
2177
2178
2179 326
2180 525 1034
2181
2182
2183 1680
2184 289 1629 1410
2185
2186 1905
2187
2188 1323 196
2189 2460
2190
2191 361 861
2192
2193 427 545 2237
2194 1929
2195 1803 2068
2196 109
2197 208 700
2198
2199
2200 977 1850
2201 57
2202 93
2203 1387
2204 1174 991 2065 2289
2205 257 1849
2206 2304 2071
2207 741
2208 386
2209
2210
2211 1134 1888
2212 1709
2213
2214 1997 2331
2215 1109 542
2216
2217 1772
2218 835
2219
2220 870
2221
2222 1008
2223
2224 687
2225 1761 1892
2226
2227 2279
2228 1296 2248
2229 686 672 2498
2230 647
2231
2232
2233
2234 1550 477 1759
2235 461 731
2236 72 878
2237
2238 1294
2239 1819 1625 1665
2240
2241 1676
2242 56
2243 2130
2244 2276
2245 950
2246 1020 1817
2247 1332
2248
2249 1560 352
2250
2251 140 1713 2231
2252 254 944
2253 1282 2061
2254 1057
2255 171 2031
2256
2257
2258 1755 418
2259 791
2260 1593
2261 1572 1396
2262 1227 2088 1553
2263 1400
2264
2265
2266 1284 821
2267
2268 839
2269 1956
2270
2271 1205
2272 2486 1754
2273 2249 1268
2274
2275 19 1660
2276 2296
2277 2192
2278
2279
2280
2281
2282 916 804 2115 1311
2283 248
2284
2285
2286 1791
2287 73 651
2288 1151
2289
2290
2291
2292
2293
2294 1183
2295 2205
2296 772 343 1770
2297 2209
2298 852
2299 378
2300
2301 1861
2302 543 1322
2303 365
2304 1862
2305 531 2477 2035
2306 2211
2307 1883 2108
2308 1737
2309 2274
2310 1540 1545
2311 2051
2312 744
2313 330
2314
2315
2316
2317 494
2318 1684
2319 2392
2320 1890
2321 2172
2322 1045
2323
2324 2454 2337
2325 512 781 2259
2326
2327 1941 27 462
2328
2329 2378 1303
2330 1942
2331
2332
2333
2334 1677 2377
2335
2336 790 710
2337 206 1454
2338
2339 1518
2340 1119
2341 608
2342 420
2343 1503
2344 1088
2345
2346 2244 2265
2347 274
2348 1801
2349 445
2350 1982 2129
2351 901
2352 1616
2353
2354
2355 1201
2356 831 307 1498
2357
2358
2359 2006
2360
2361
2362
2363 145 1706
2364 1168
2365 422
2366 986
2367
2368
2369
2370
2371 973 697 1564
2372 719
2373
2374
2375
2376
2377
2378 1144
2379 569 223 1999
2380 2023 1407 1912
2381
2382 1668
2383
2384 1500
2385
2386 1237
2387 928 1806
2388
2389 1607
2390
2391 278
2392 2325
2393
2394
2395
2396 80 322
2397 363
2398 2168 1694 1815
2399
2400
2401 1003
2402
2403
2404 1697
2405
2406 342 1111 1827
2407
2408 1377 1979
2409 1133
2410
2411
2412 1394
2413
2414 2446
2415 2383
2416 557
2417 1087
2418
2419
2420 2227
2421
2422 1371
2423 828
2424
2425 724 1513
2426 996
2427
2428
2429 53
2430
2431
2432 2395
2433 2437
2434
2435 185 351 417
2436 528
2437 773
2438 1777
2439
2440
2441
2442
2443 1886 1567
2444
2445
2446 1491 419 432
2447 70 2132
2448
2449 210
2450
2451 1316 2375
2452 936 269
2453
2454 15 1656 161 1115
2455
2456 2405
2457 1988 199
2458 778
2459 1602
2460 71 1094
2461 562
2462
2463 909 1970
2464 783
2465
2466 801 844 1739
2467
2468 2089
2469 1650 656
2470 780
2471 548 2015
2472
2473 2442
2474 1082 1188 873
2475 1865
2476
2477 596 888
2478 2309
2479 250
2480
2481
2482 110 1044
2483 869
2484 2222
2485
2486 1799 644
2487 2090
2488 311 283 722
2489 503 1902 2166
2490 2037
2491 601
2492
2493 2461
2494 1649
2495 2496
2496 954
2497
2498
2499
