#/n/fs/ragr-research/projects/fastppm-data/bin/simulate.py --mutations 2500 --samples 3 --coverage 30 --seed 8 --output sim
# GMT Sun Oct 13 15:06:40 2024
# 
0 764
1
2
3
4 1171
5
6 1377
7
8
9
10 1087
11
12
13 2095
14
15 67 741 1393
16
17
18 1172
19 359 2390
20 2262 1035
21 384 618
22
23
24 615 1720
25 1302
26 1321 1809
27
28 679
29
30 2292
31
32 2159
33
34
35 2414 1876
36
37 791
38 1185
39 1916
40
41
42 2088
43
44 87
45
46
47 675 1044 1814 1919 2393
48 1108
49
50
51 2488
52 616
53
54 536
55 13
56 331 656 696
57
58 276 108 1684
59
60 2056
61 1586
62 808
63
64 1766 1986
65
66 898
67
68 365
69 908
70 1652
71 1028
72 2177
73 3 1131 1156 1887
74
75 577
76
77
78
79
80 2487
81 1183
82
83 762
84 58 1360 2039
85 2288
86 855 2453
87
88 206
89
90
91
92 50 1681 629 1569 2089
93 2245
94
95 2291
96 1077
97 2360
98 2195 735
99 309
100 2027
101 1784 1120
102 441 1760
103 608 1905
104
105 983 1003
106 61
107 1695
108 785 2382 832
109 778
110 2236 1726
111 346
112 1628 2058
113
114 1856
115 263 2036
116 355
117
118
119 749
120 2179
121 1194 1837
122
123 877
124 1588
125 697 389
126
127 2377
128 2284 2369 2009
129 1543
130 2139 657
131 1339
132
133
134 1123
135
136 1471
137 1124
138 551 2266
139
140 1982 532
141
142
143
144
145 1195 1658
146
147 544
148
149 635 1254
150
151 1873
152 1706 497
153 1251
154 1465
155 238
156 2319 1307
157 253 2421
158 1418
159 1500
160 2316 875 935
161 277
162 2140
163 83 903 2203
164
165
166 2064 133
167
168
169
170 417 754
171 1394
172
173 1600
174 1482 262
175 1624
176 354
177
178 2435
179 315
180
181 1529
182
183 688
184 1429
185 2226 1173 378
186
187 428
188
189 18 2199
190 2150 2304
191 466 1617
192 661
193 668
194 1178
195
196 1239 583
197 2410
198 1581
199 1915 1573
200
201
202
203
204
205 1057
206
207
208
209
210 187 2461 495
211 2023 882 623 664 811
212
213
214 942
215 431
216
217
218
219
220 2460 526
221 2055 1479
222 1776
223 241
224
225
226
227 14
228 713
229 357 2302
230
231 665 1842
232
233
234
235 115 1742
236 799
237 2193
238
239 1197 569
240 2462 609
241 157
242
243 2175
244
245
246 1275 1564
247 1605
248 329 322
249
250 652
251 508
252 1202 1299 1782
253 99 1163 1268
254 320 2491 703
255 766 1402
256
257 592
258 56
259 421 33
260
261
262 63
263 126
264 1262
265
266
267
268 1219
269 1643
270
271
272 864 1368 1970 2317
273 521 1620
274 1699
275 447 1501
276 1247 1436
277
278 792
279 642 761 1444
280
281
282 2230 185
283
284 6 2174
285 2231
286
287
288 1112
289
290
291 1411
292
293
294
295 1737
296 673
297
298 1008
299 2098 396
300
301
302 1229 2294
303 535
304
305
306 21 1663
307
308 200
309 353 1240
310 927 2396
311 2054
312 1470
313 1427
314
315
316 249 985
317
318 2433
319
320 243 921 2263
321
322
323 227 195 2447
324 1315
325
326 140
327
328 727
329 155
330
331
332 2477
333 1228
334
335
336 1487 573
337
338 1070
339
340
341
342 1147
343
344 373 1106
345
346 1495
347 463
348
349 38 1286
350 868
351 2364
352
353
354
355 403
356 1818
357 581
358 1498
359 1580
360 692
361 450 457 2440
362
363
364 1030 2112 1882 1943
365 1223
366 379
367 760
368 1445
369 1789
370
371
372
373 491
374 218 817
375
376
377
378 1983
379
380 1352
381 51 2038 1997
382 401 1449
383 1521
384
385 1961
386 1673
387 425 1335
388 438
389 1839
390
391
392 2399
393
394
395
396
397 2190 2463
398
399
400 1181 2264 733
401 205 1271 436
402 153
403 1886
404
405 458 2337
406 207 226
407 516
408 472 2355
409 504 720
410 179
411
412
413 606
414 2032 371
415
416 1655
417
418 1284
419
420
421 1258
422
423
424 752 2105 1734
425 768
426
427 2372
428
429 599 1467
430 1834
431 1812 1168
432
433
434 1696 2430
435 470
436
437
438
439 1591
440
441 2062
442
443
444
445 1435 29
446 1509
447 1541
448 1114 1367
449 1249 1645
450
451
452 2201
453
454 1012
455
456
457 575
458 1135
459
460 1304 237 2156
461 1469 40 80 802 2166
462
463 938
464
465 1454
466 302
467 212
468 1064 1289
469 2442
470 88
471 2251
472 2271
473 1939 208 1317 2331
474 1520 500
475 1080 1604
476 1273 1333
477
478
479 836
480 680 1314
481
482 1192
483 547
484 2225 851
485
486 2146 1572
487 1747
488 1920
489
490 1632 1136
491 2024
492 1227
493 854
494 1141
495 1723
496
497
498
499
500 593 1678
501 387
502 833 1843 1648 1835
503 1582
504
505
506 1557 1704 2014
507 1824 2186 2234 2446
508 1241
509
510 580
511 1160
512 105 1683
513 1807 1688
514
515 272 2385 2137
516 810
517
518
519
520
521 236
522 1364
523
524 1042 1883 2330
525 2003 1310
526 1672
527 2383
528 2223 1969
529 232
530
531
532
533 1875 1729
534
535 473 992
536
537 1593
538 1113 540 979 2145
539 1341 169
540 123
541 1874 1801 2060
542
543 613
544
545 476 2465
546 1407 375
547
548
549 377
550
551 2295 2185
552
553 119 999
554 274 594
555
556 143 1556 1513
557 874
558
559 390
560 332 803 1993
561 1772 266
562 945
563
564 2456
565
566 1283 2450
567 1458
568 912 224 498
569
570 234
571
572 11 914
573 1059
574
575
576 556 2455 1188
577 1336 255
578
579
580
581 1397
582 1654 1481 2173
583 503
584
585
586 625
587 35
588 1937
589 2104
590 839
591 1860
592
593 746 197 2074
594
595
596 892 1576
597 2258
598 2012
599 850
600 1111
601 1526
602
603 755
604 2332
605 1781 1827
606 1945
607 2341 2486
608 1899 1646
609
610 144 294
611
612 2250
613
614 286
615 2097
616
617 1927 2028
618
619 941 370
620 62 351 1066
621 467
622
623
624 1460
625
626 2479
627 1906
628 957 879 1062 1535
629
630
631 853
632
633 1088
634 211
635 1350
636
637
638
639 2229
640
641
642
643
644 937 597 409
645
646 648 1980
647 905 2298 1511
648 1546
649
650 1048
651
652 1989
653 2181
654 1598 439
655
656 339 1274 1461
657 2309
658 1379 1412
659
660 1319
661 239 1134 1717
662 408 1308 1476
663 1288
664
665
666
667 2242 2107
668 127
669
670
671 1888
672 1565
673
674
675
676
677 1532 2452
678
679
680 1931
681 600
682
683
684
685
686 1988 932
687 691 1290
688 215
689 1264
690 677
691 1730
692
693 2129
694 806
695
696 2134
697 2247 1157 2350
698
699 1021
700
701 418 1206 1475
702 1220 427
703 304 674 1107 1455
704 624 1534
705 204 714
706 873
707
708
709 2472
710 2254 2398
711
712 506
713 2322 1243
714 434
715 316 918 970 1351 1879 2413
716
717 815 2047
718
719
720
721
722
723 2464 705
724 1820 1936
725 1232 710
726
727 1116 1201
728 494
729
730 2217
731 1190 1780
732 1216
733 1708
734 1884
735 1885
736 709 2208
737 1071
738 1322
739
740 1710 1998
741 2454
742 2333 1011 916 967
743 1325
744 929
745 2110
746 186
747 2343 539
748
749 229
750 2169
751
752 1387 690
753 528 2267
754 1491
755 2116
756
757
758 612 566 2002 1212
759 2168
760 2408 270 1795
761
762
763 1728 1859
764 1085 1041 1653
765 1497
766 107
767 2449
768 1669 975 2165
769
770 1480
771 8 1211 2147 2310
772 2143
773 1179
774
775
776 53 1796
777
778 695
779 548
780
781
782
783 757 1667
784 2289
785 1608
786 2238 1287
787 1670
788
789 368
790 1996 2020 1735
791 2117
792 1389
793
794
795
796 2468
797
798
799 848
800 1158 1489
801 646
802
803 2197
804 558 959 2424
805 987
806
807 628 308
808 1527
809 1374 430
810
811
812
813 310 2356 1538
814 453 670
815 617
816 1200
817
818 1 402 147 2338
819 2375
820 1365 300
821 410
822 824 2466
823
824
825 411
826 1627
827 2084
828
829 2103
830 559
831 2091
832 2403
833 2048
834 1320 1701
835 585
836
837 1439
838 989 1292 895 1829
839 1570
840 1217
841
842 537 1756
843 2361
844 1896
845
846
847
848
849
850 1748 925
851 489 1504
852 786 1722 2437 1891
853
854 2283
855 1815
856
857 1596
858 614
859 1457
860 1787
861 980 416 2211
862 1838
863
864 1852 858 1451
865 1779
866
867 2401
868 2261
869
870 1259 1046
871 335 622
872 158 1793
873 1316
874 2409 1144 2490
875 2418
876 2087
877 1419
878 1625
879 1198
880 1987 1472
881 2432 1806
882 2397
883 1338
884 2191 1677
885
886 1137 142
887
888 949 2275 1858
889
890 2109
891
892 345 422 1459
893 819
894 1825
895
896
897 77 2045
898
899 1941
900
901
902 1326
903 2178
904 2342
905 1770 2353 2392
906 130 2131
907 1146
908 5 247
909 886
910
911 1958
912 1757 610
913 2106
914 264
915 44
916 1913 1951
917
918 809
919
920
921 1721
922 767 756
923
924 1060 2021
925 889
926 527
927
928 2019 426 2324
929 423
930 1759
931 2241 2122 1499 1954
932 774
933 412 1651
934
935
936
937 128
938 1921 1281 2391
939
940
941 327
942 1105 1566 1844
943 2163
944 902
945
946
947
948
949 2119 1380 1881
950
951 1245
952
953 1682
954 1433
955 1386
956 2335
957 1191
958
959 788
960
961 189 216
962 1819 248
963 835
964 48 1256 1170
965
966 1276
967
968 1233
969
970
971 1898 242
972
973 493
974
975
976
977 381
978
979 1563
980 2297
981 773
982 2096 2407
983
984 1746
985
986 1761 114 333 828
987 567
988 564
989 287 1674
990 636
991 225
992
993 1657 2216 233 1959
994 595
995 46
996 254
997
998 271
999 826 1337
1000 578
1001 1957
1002 1718
1003
1004 1575 1636
1005
1006 1362
1007
1008 210
1009
1010 821 1052
1011 658 2128
1012 814
1013
1014
1015
1016 1031
1017 1180 2068
1018 192
1019 1928 2470
1020 2194
1021 146
1022
1023
1024
1025 1668 1076 1855
1026 952 1738
1027
1028 1126
1029
1030 588 804
1031 829 862 1097
1032
1033 520
1034
1035
1036 25
1037
1038 2457
1039 1045
1040
1041
1042
1043 603
1044
1045 1209
1046
1047
1048 1081 2280
1049
1050 1128 74
1051
1052
1053 2136
1054
1055 1122
1056
1057 1725
1058 1102 2282
1059
1060 787 139 2253
1061 2153
1062 1749
1063 619 1516
1064 2204
1065
1066 1889
1067 1456 1929
1068 1414 342
1069 1026
1070 2268 1049
1071 2387 1115
1072 326 2077
1073 956 904 907 1324 1518
1074
1075 2321 857
1076 1892
1077
1078
1079
1080 1119
1081 2071
1082 1204 2379 1446
1083
1084 542
1085 1716 2484 2127
1086 2278
1087 176
1088 596
1089
1090
1091 1222
1092
1093 2093 744
1094 1559 2033 340
1095 362 511
1096
1097
1098 2215 183 2212
1099
1100
1101
1102
1103 513
1104 1224
1105
1106 1560
1107
1108 469 1242
1109
1110
1111 445 865 1277
1112 1758 1296
1113 228 758 1447
1114 1623 330
1115
1116 1840
1117 831 734 1853
1118 1023
1119 2439 1850 1311
1120 1265
1121 871 530
1122 1714
1123 2363 2495
1124 2049
1125 1437 2412
1126
1127 1908
1128 121 69 380
1129
1130
1131 2345
1132 440 973
1133 246
1134
1135
1136 997
1137 2376
1138 150
1139 1599
1140
1141 1597
1142
1143 141
1144 1034
1145 364 303
1146 1616
1147
1148 789
1149
1150
1151 269 2272
1152
1153
1154 1634
1155 958
1156
1157
1158 1385 2381
1159 1391
1160
1161 280 1545
1162 1524
1163 1297
1164
1165 1210 34
1166
1167 2133
1168
1169 1555
1170 1640
1171 2312
1172
1173 103 782
1174 92 505
1175
1176 805 841 2305
1177
1178 1175
1179 915 1893
1180 1614
1181 235 634 1925
1182 643
1183 1637
1184 901 1531
1185 2080
1186 90 1792
1187
1188
1189
1190
1191 81 118
1192 685 2219
1193 1587 869
1194 4
1195
1196
1197 296
1198 998 2224
1199
1200 790 2340 2138
1201 1300
1202 1685
1203
1204 9
1205 2092
1206 605 678
1207 369 1298 2339
1208 1004 2044
1209
1210 525 1422 1182 966
1211 23 557 209
1212
1213 982 1975
1214 1373
1215 1133 2404 1797
1216
1217 1323 190
1218
1219 452 399
1220 2290
1221 1914
1222
1223
1224
1225
1226 1278 336
1227 1877
1228
1229 84 1054
1230 1421
1231 349 560 1771
1232 104 2207
1233 561
1234
1235 611
1236
1237
1238
1239 753 217
1240 676 1104
1241 160
1242
1243 1148 2111
1244
1245 341
1246 2481
1247 1508 960 1542 2255
1248 2006
1249 166
1250 655 1697
1251 284 398 2371
1252 91
1253 2042
1254 1633
1255 2246 1871
1256 728 1660
1257 1974
1258 1703 1769
1259 1971 1775
1260 913
1261 86 1755 812
1262
1263 1574
1264 1332 1478
1265 2279
1266 2389 1822
1267
1268
1269 487 1713 1150
1270 940
1271 2326 649
1272 2198
1273
1274
1275
1276
1277 1130
1278 196
1279 2370 451
1280
1281 1145 2314 2444
1282 334 1073
1283 996 1039
1284 820 1967
1285
1286 969
1287
1288
1289 1752
1290
1291 846 1017
1292 626 2189
1293 885
1294
1295 1754
1296
1297 1091
1298
1299 2017
1300
1301 1687 519
1302 2202
1303 257 813
1304 991
1305 1255
1306 1474
1307 2359
1308
1309 2420
1310 1671
1311
1312
1313
1314
1315
1316 2259 2010
1317
1318 2057 1904 2287
1319 1072 2000
1320 319
1321
1322 1689
1323 2123
1324
1325 1642 1753
1326
1327 1601
1328 1865
1329 931
1330 429
1331 252
1332
1333
1334
1335 1248
1336 644
1337
1338 866
1339 49 2206 273 1295 856
1340
1341 1665
1342 598 449
1343 1036 45 641
1344
1345 2411
1346 17
1347 28 1174 834
1348 2227 1551
1349 1094 719
1350
1351 1110
1352 816
1353 1615
1354
1355 1103
1356 1537
1357
1358 1043
1359
1360 1109
1361 1867 267 944
1362 461
1363 1257
1364 534
1365 568
1366
1367 148
1368 124 170
1369 1375
1370 1002 1488
1371 307
1372 348
1373 948
1374 1207 849
1375 490 1162
1376 1199
1377 2281
1378 405
1379
1380
1381 24 154
1382
1383 1410
1384 779 590
1385 893
1386 627
1387 870 2164 2094
1388 1356 1823
1389 2293
1390 1355
1391 1917 553 2315 1764 1773
1392
1393
1394
1395 1578
1396
1397 2205
1398 2016 1143 1363
1399 424 1167 887
1400 1861
1401 501 711
1402 1428
1403
1404 265
1405 1098 79
1406
1407 65
1408
1409 1425 1345 2244 1462
1410 1833
1411 647 1342
1412
1413 1236
1414 1868
1415 1396
1416
1417
1418
1419
1420 85 740
1421 1803
1422 2029
1423 1995 1712
1424 37 884 604
1425 1369
1426 64 797
1427
1428
1429 1590
1430 1810 2121
1431 101
1432 1093 1514 800 1650 1999
1433 125 1690
1434
1435 73 1169
1436
1437 2200 1313 2485
1438 1901
1439 1583 1279
1440 654 1765
1441
1442 2008
1443
1444
1445 16 2070
1446 477
1447
1448 2115 1579 1536
1449 2085
1450
1451
1452 1863 2497 1055
1453 358 1909 1923
1454
1455
1456
1457 2402
1458
1459
1460 117 2232 1890
1461
1462 2362
1463 475 36
1464
1465 1903 1638
1466
1467
1468
1469 1848 894 2257
1470 1440 1530
1471 545
1472
1473
1474 1938
1475 2022
1476
1477 2498
1478
1479 2221 1383
1480 1778
1481
1482 1845 1783 12 1231
1483
1484
1485 1018
1486
1487 1817
1488
1489 1966
1490 1343
1491
1492 1214
1493 1786
1494
1495 890
1496
1497 317
1498 565
1499 136 2438
1500
1501
1502
1503 549
1504 524
1505 2192 1084
1506 909
1507 60 620
1508 174 1731
1509 1409
1510
1511
1512 22
1513
1514 2171
1515 213
1516 2213
1517 712
1518
1519 962
1520 2067 748
1521 15 2007
1522 1777
1523 288
1524 2431
1525
1526 455
1527 1985
1528 2152
1529
1530 1656
1531 1816
1532
1533 2079 194
1534
1535
1536
1537 382
1538 2034 2366
1539 517
1540
1541
1542
1543
1544
1545
1546 1768
1547 482
1548 995 193 974 1811
1549 1956 1466
1550 7 2214 1051
1551
1552 1659
1553 1050 1400
1554 899
1555 2445 1005 1736
1556 1805
1557
1558 1092
1559 2025
1560
1561 2492
1562 1121
1563
1564
1565 283 415
1566
1567
1568 1613
1569
1570
1571
1572 751 780 2469
1573
1574 1702 2086
1575 1432 26
1576
1577 400
1578
1579 1032
1580
1581 1022
1582
1583 2114
1584
1585 2384
1586 2035
1587 1965
1588 1745
1589
1590 1096
1591 591 2346
1592
1593 177
1594 2158
1595 312
1596
1597 502 1743 847 1413
1598 42
1599
1600 1849
1601 645 1486
1602 1463
1603 1058
1604
1605 1800
1606 529 1933
1607
1608 763
1609
1610 910
1611 1095
1612
1613
1614 1857
1615
1616
1617 651 663
1618
1619
1620
1621
1622 259 721 2005
1623 681
1624
1625 443 666
1626 1907 1502
1627
1628 637
1629 897
1630 888 167 285
1631
1632 134 1306
1633
1634
1635 488
1636 1033
1637
1638
1639
1640 1205
1641
1642 1405
1643 587 769
1644 1358
1645
1646 1698 1802
1647 1715 2118
1648
1649 2161
1650
1651 1554 1040
1652
1653
1654 922
1655
1656 2394
1657 1381
1658
1659 386
1660
1661 1312
1662
1663 367
1664
1665 2496
1666
1667 1510
1668 1750
1669 2144 1544 2240
1670 323 2405
1671
1672 1252 994
1673
1674 350 1417
1675 1423 2081 2443
1676 2269
1677
1678
1679 1505
1680 861
1681 621
1682 2151
1683 2065 1244
1684 2474
1685 43 299
1686
1687 182 2069
1688 700
1689 1401 442
1690 522
1691 2303
1692
1693
1694
1695
1696 2327
1697 1246
1698
1699 1408
1700
1701
1702 188 1132 1641
1703 852 687
1704 2483
1705 1926 2113
1706 78 343 2471
1707 531
1708
1709 1548
1710 100 2354
1711
1712 203
1713 2210 432 1074
1714 1878
1715 260
1716 1528 356 93
1717
1718 653 707
1719 1309 2082
1720 842
1721 2336
1722 686 2043
1723 1237
1724
1725
1726 199 1494
1727 191 1303
1728 2076
1729
1730
1731
1732
1733 515
1734
1735
1736
1737 775 1977
1738
1739 391 1584
1740
1741 1390 1353
1742
1743 289
1744
1745
1746 1215 1522
1747 1872 1978
1748 2311
1749 2209 1644 883
1750 1813 492 739
1751 825 1318
1752
1753
1754 465
1755 313 1189
1756
1757 747 106
1758 1448
1759
1760 988
1761 961
1762 1253
1763
1764 251 659
1765
1766 159
1767
1768
1769 2388 1430
1770 867
1771 1149
1772 1647 419
1773
1774 1709 1626
1775
1776 363 1940
1777
1778 30 838 1024
1779 163
1780
1781 2329
1782 1496
1783 1006 1558
1784 291
1785 275 433
1786
1787
1788 1675
1789 337
1790 1483
1791 936
1792 1794
1793
1794 1344
1795
1796 1661
1797 1751
1798 338 1774 1404 1547
1799
1800 1452 66 113 1234
1801
1802
1803 2285
1804 1015
1805 311 509
1806 360
1807 478 1075
1808 1540
1809 1468 1799
1810
1811
1812 717 951
1813 162
1814
1815 1851
1816
1817 361
1818 1866
1819 1841 376 2154
1820 366
1821 801
1822
1823
1824
1825 736 2120 2125
1826
1827
1828 1895 2037 822
1829
1830 574
1831
1832 420
1833
1834
1835
1836
1837 372 1348
1838 1744
1839 726 1603
1840
1841 1594 1090
1842 2218
1843 1000 2378
1844
1845 1912 1512 1836
1846 1014
1847 1020 245
1848 474 1562
1849 926
1850 2059
1851
1852 1208
1853
1854 632
1855
1856 202 471
1857
1858 1493
1859
1860 667
1861 954
1862 70 576
1863 660 1037 2260
1864 328
1865 1847 2031 693
1866 1924 198 2348
1867 1127
1868 293
1869
1870 1151
1871 89 2425
1872 120 290
1873
1874 2358 1100
1875 1161 2417
1876 1270
1877
1878
1879
1880 2239
1881
1882 151
1883
1884 662
1885
1886 1225
1887
1888 19
1889 1359
1890
1891
1892 178
1893 1484
1894 1733 1568 2494
1895 1506
1896 1694
1897
1898 742
1899 880 682
1900
1901 1798 2090
1902 2172
1903 783
1904
1905
1906 689
1907 765
1908 165
1909
1910 840
1911 258 704 2066
1912 1329
1913
1914
1915 640
1916 1630 59 460 392 1152
1917 97 281 708 1619
1918 972
1919
1920
1921 448 1635 1952
1922 82
1923
1924 1398 1846
1925 1826
1926
1927 807
1928 1719 552
1929
1930 722
1931 2001 1118
1932 672
1933
1934 977
1935
1936
1937 10
1938 1592 2429
1939 2046
1940 481 550
1941 1079
1942 793
1943 2344
1944 1349 777
1945
1946 920 2368
1947 1176 2448
1948 1791
1949
1950 514 946 2052
1951
1952
1953 2308
1954 2011 2126
1955 964 1213
1956 1894 2050
1957
1958 582 301 2489
1959
1960
1961 122
1962 110 896 1067 2228 1477 2286 2426
1963 2441 2499
1964 701 483 2349 1053
1965 1549 1935
1966 823
1967
1968
1969
1970 261 1395
1971 796 394
1972
1973 1230
1974
1975 1707 731
1976 325 2072
1977
1978 397
1979
1980
1981
1982 1426 1089
1983
1984 306
1985 1301
1986
1987 968 1260
1988 111 2318 1285
1989 1218 1357
1990 2222
1991 723 1261 1001
1992 1561
1993 1767 2243
1994 94 2141
1995 639 2419
1996 1964 221 1693
1997
1998 2347
1999
2000
2001 1328
2002 1610
2003 383
2004 986
2005
2006 1056
2007 738
2008 175
2009
2010
2011
2012 55 47 72 1125 298 406 1154
2013 1828 2328
2014
2015
2016 27
2017
2018 671
2019 2040
2020 156 1897
2021
2022
2023 145 1434
2024 201 1525
2025 2274 1078
2026 1984
2027
2028 1611 1589 2083
2029 76 1664
2030 135 2188
2031 454 584
2032 244
2033 2176 2015
2034
2035
2036
2037 181
2038 1166
2039
2040 1994 1235
2041 314
2042
2043
2044 950
2045 1334
2046 152
2047 1515
2048 776
2049
2050 31 607
2051 230
2052
2053 1155
2054 554
2055 1622 485 1763
2056
2057 976
2058
2059 2482
2060 2101
2061 1947 2306
2062 1443
2063 1963 1485 698 1065
2064 770 872 830 2099 1790
2065 650
2066
2067 2180 772
2068
2069 533 1372
2070 1038 510
2071 1184
2072 2078
2073 54 1138 1009
2074 845
2075 1676 2301
2076 2018 95
2077 683 2406
2078
2079 1331 724 930
2080
2081
2082 2149
2083
2084
2085
2086
2087 911 794
2088
2089 1972
2090 131 1519
2091 715
2092 2365 1450
2093 1550
2094
2095 219
2096 1523 129
2097 2182 1932 878
2098 1269 318
2099 759
2100 781
2101
2102
2103 1962 1808
2104 1503
2105 168
2106
2107 784
2108
2109 928
2110 20
2111 1724
2112 2427
2113
2114 743 2380
2115 112
2116
2117
2118
2119 750 638 2124
2120 1621
2121
2122 2130
2123 876
2124
2125
2126
2127 1517
2128
2129
2130 2075 934 1609
2131
2132
2133 2233 718 1047 1740
2134
2135 2 1177
2136
2137 2478
2138 844
2139 292
2140 745 891
2141
2142 953
2143 1832 1821
2144 102
2145
2146 1854
2147 1282
2148
2149 900 1392
2150 214
2151 1196
2152 468 2135 278 1539
2153 965 1086
2154 2323
2155 1263
2156 863 1585
2157 1340
2158 1910
2159
2160
2161
2162 1438 32
2163 132 149 2422
2164 924
2165 1142
2166
2167 1293
2168
2169 1431
2170
2171 984
2172 1930
2173
2174
2175 1016
2176 1117
2177
2178
2179
2180 2063 2004
2181
2182 96 827 2299
2183 859 963
2184
2185 1007
2186
2187
2188 499 1700
2189 1083
2190 180 407
2191 437
2192 1577 1010 2100
2193
2194 1388
2195 39 1918 2458
2196 2373
2197 1662
2198
2199 1267
2200 109 1691
2201 837 223 2155
2202 512
2203 1464
2204 1934
2205 231
2206 1507
2207
2208
2209 543
2210 1864 860
2211 2300
2212
2213
2214 906 631 1639 2270
2215 1870
2216 385 459
2217 1403
2218 1948
2219
2220
2221 1250
2222 52 1869
2223 1019
2224
2225 1226 173 1068 562
2226 1266
2227 2434
2228 1129
2229 1399
2230 981 352 669
2231
2232 1384
2233 2073
2234
2235 404
2236 71 256 2167 1705
2237
2238 1346 1567
2239
2240
2241 98 41
2242 1159 1370
2243
2244 1382 1692
2245 1139
2246 1911 486 795 2367
2247 282 393 1221
2248 1203 1441
2249 1416
2250 546
2251
2252 2428 2184
2253 1291
2254 919
2255
2256 1193
2257 1571
2258 1553 480
2259 1785
2260
2261 2459 1366
2262 1453 395
2263
2264 446 496 507
2265 57 706
2266
2267 1955 1406
2268 1025
2269 993 2013 2051 978
2270
2271 1732
2272 297
2273
2274 1679
2275 1187
2276 2248
2277
2278
2279 1347
2280
2281
2282
2283
2284 1420
2285
2286
2287
2288 1727 344 295 2142
2289
2290 933 1140
2291 563 729
2292
2293 2252
2294 2256 2237
2295 1533
2296
2297 1991 1992
2298 1804
2299
2300
2301
2302 305 1101
2303
2304 2386
2305 2160
2306
2307 75 161
2308 541 1968
2309 798
2310 456
2311 324
2312 1607
2313
2314 633 2351
2315 971 2467
2316 2041 1960
2317
2318 1280
2319 484 1442 413
2320 2473
2321 684
2322 1602
2323 1973
2324 1902 2313
2325
2326 250
2327 321
2328 1013 2273
2329
2330
2331
2332
2333 943 939
2334 1027 1762 1415
2335 630
2336
2337
2338 730 2451
2339
2340 68 172
2341
2342 2352
2343 538 1711
2344 2102
2345
2346 716
2347 164
2348 1631
2349 602
2350
2351 1830 1069
2352
2353 518
2354
2355
2356 702
2357 2374
2358 881
2359
2360
2361
2362
2363
2364
2365 1164 2157
2366
2367 2108
2368
2369 2183
2370 2030
2371
2372
2373
2374 1492
2375
2376 1424 917
2377
2378
2379 1629 990 2436
2380
2381
2382 1305 184
2383 222
2384 2357 2187
2385 2061
2386 1473
2387 1327
2388 555
2389 1922 1981
2390
2391 1862
2392
2393
2394
2395
2396
2397 414 1330 462
2398
2399
2400
2401 2475 586
2402 268 601
2403 1741 1942
2404 1739 1686
2405 1371 947 2416 1649
2406
2407
2408 699
2409 116 2170
2410
2411
2412 279
2413 2220
2414 694
2415
2416 2053
2417 2132
2418 1063 579 2395
2419 1946
2420 2162
2421 1099
2422 955
2423 1082 571
2424
2425
2426
2427 2265 1376
2428 1990
2429
2430
2431
2432 2423
2433
2434 444 1618
2435 589
2436 2320
2437 1272
2438
2439 572
2440 2276
2441 771 1831
2442 1186 732
2443 2400
2444 923
2445 137 1061 2480
2446
2447
2448 1294
2449 435
2450 737
2451 1354 1880
2452 1666 1979
2453
2454 2415
2455 1153
2456 1900
2457 138 2296
2458 2196
2459 479
2460 2307 347 1612
2461 374
2462 171 1950
2463
2464 1595
2465 2249
2466
2467
2468 818 1976 1552
2469 2325
2470
2471
2472 1953 2277
2473 843
2474 1606
2475 1788 1490 1680
2476
2477
2478
2479 464 2148
2480
2481
2482 570 1949
2483
2484 2493 2026
2485
2486
2487 1029
2488 220 2235
2489 2334
2490
2491 240
2492
2493 1165 725 1944
2494
2495 2476
2496 1361 388
2497 523
2498
2499 1378 1238
