#/n/fs/ragr-research/projects/fastppm-data/bin/simulate.py --mutations 1000 --samples 3 --coverage 1000 --seed 1 --output sim
# GMT Sun Oct 13 15:01:40 2024
# 
0 335
1
2
3 530
4 224 354
5 126
6
7 26 110 461
8 454
9 528 299
10 878
11
12 262 660
13
14 233 55
15 856
16 697
17
18 158
19
20 447
21
22
23 120
24
25 61
26 176
27 548 629 807
28
29
30 564 56 635
31
32
33 899 911 655
34 737
35 602 984
36 889
37 181 347
38 142
39
40 634 707
41 785
42 951 254
43 34
44
45 409
46 171 438 743
47
48 256 151 182
49
50
51 636
52
53 659 43 467
54 702
55 588
56 83
57 731 278
58 76 201
59
60 104
61
62
63
64
65 198
66 520
67 720 689
68 407
69
70 90 523
71
72 864 910 390 568
73
74 513 994
75
76 45
77 261 961
78
79
80 477
81
82 167 768
83 715 806 458 733
84 578
85 946
86
87 38 246
88
89 314 263 956
90 185 931
91
92 593
93
94 504 854
95
96
97 581
98 827 805
99
100 18
101 895
102
103 558 193 268 541
104 734
105 970
106 130 533
107 10
108 810 902
109
110 300
111 556
112 526
113
114 402
115
116 615
117 693
118 770 66
119 277
120 574 542 543
121
122 860
123 459
124
125 690
126 519
127
128
129 829 93 700
130 434 816 989
131 630 301 323
132 370 871
133
134 242
135 511 570 976
136 245
137 96
138 194 216
139
140
141 626
142
143 960
144 29
145 403 575
146 623
147
148 49
149
150 125 135
151 853
152 940
153 780
154
155
156 290
157
158 880 915 997
159 456 890
160 673
161 79 394 927
162 518 590 678
163
164
165 613
166 502
167 306
168 918
169 669
170 228
171 391
172 886
173
174 305
175
176 694
177 783
178
179 831
180 101 540
181 74
182 175 531 746
183
184
185 550 337
186 465
187 31
188 479
189
190 789
191
192 808
193 753
194
195 874 682 591
196 800 367
197 482
198 39
199 959
200
201 817
202
203
204 708
205 632 896
206 594
207 745
208 672 608
209 219
210 150 762
211 614 94
212 371
213 787
214 939
215 436
216 412
217 137
218
219
220 802 472 687
221 322 272 474
222
223 62 424
224 601 383
225
226
227
228
229 41 493
230
231
232 935
233 430 852
234 269
235 229 212
236 445
237 544 275 439 603
238
239
240 476
241 238 881
242 417
243
244
245 964
246
247 834
248 452
249 462
250 763 153 619
251 139 527
252
253 833
254 801
255 996 420
256 107 183
257 87
258
259
260 755 945
261 336
262 250 529
263 466
264 664
265
266
267
268
269 63
270 480
271 836
272 893
273 375
274
275 378
276 643 695
277
278 437
279
280
281 848
282
283 350
284
285
286 377
287 900
288 875
289
290 419 617
291
292
293
294 157
295 138
296 721 312
297 683 421 500 398
298 932 50
299
300
301
302 17
303
304
305 257 286
306
307
308
309 982 757
310 179
311 774
312 392
313 463
314 60
315 33 887 379
316
317
318
319
320 19 64
321
322 712 140 270 491 826
323 711 949
324 986
325 704
326 217
327 892 649
328 386
329
330 579 844 641
331 647
332
333 282
334
335 738 868 980 205
336
337 243
338
339 449 159
340
341
342 226
343
344 835
345
346 302 230
347
348 991
349 681
350 804
351 362 851
352 692
353
354
355 974
356
357 522 877 811 365
358 155
359
360 4 545 701
361
362 535
363 553 897 913
364 597
365
366
367
368 15 297
369
370 404
371
372 559
373 839
374 311 237 387
375 23
376 611
377 291
378 91 506
379
380
381
382 144 872
383
384
385 670 706
386 88
387 317
388
389 569
390 468
391
392
393 89 691
394 203
395 42 426 995
396 929
397
398
399 161 654
400 954
401 698
402 199
403 776
404 823
405 36
406 957
407
408 154 287 894
409
410 795
411 968
412 359
413 35
414
415 85 924
416 716
417
418 764
419 777
420 441 497
421 131
422
423 771
424
425
426 192 116
427
428 80
429
430 21 677 329
431 75
432 539 303
433 999
434 709
435 47
436 37 358
437 883
438 521
439
440 809 81 936
441
442
443 368
444 168
445 431
446 676
447
448 413
449 599
450
451
452 499 546 850
453 399 227
454 571 488 481
455
456
457 65
458 54 78 638 873
459 941
460 84 536 450
461
462 921
463 888
464 668 503
465
466 363 923
467 174
468 628 735
469 507
470 274
471 296 112
472
473
474 938
475 411
476 220 295 832
477 259
478 215
479
480 585
481
482
483 115
484
485
486 360 172
487
488 966
489 428 177
490
491 406
492
493 342
494 82
495 357 348
496 484 798
497
498 108 884
499 948 345
500 338
501
502 210
503
504 849 977
505 389 279
506
507 109 651
508 351 492
509 416
510 57 208
511
512 1 156 186
513 121 803
514 97 898
515 879 963
516
517 7
518 657 332
519 11
520 388 813
521
522 645 779
523 532
524 100 843 718
525 815 324
526
527 380
528 498
529
530 433
531 618
532
533
534 248
535
536 330
537 173 289
538 699 487
539 298 28
540 625 640
541
542
543 791
544 52
545 200
546 947 425
547 950
548 258
549 143 327 283 775 998
550 981 310
551 255
552 920
553 730
554 885
555 460 134 674
556 667 727
557 891 369
558 8
559 326
560
561 141 622
562 118 901
563
564 555
565
566 114 713
567 841
568 598
569 202
570
571 596
572 102
573 464 781
574 975
575
576 916 260
577 225 840
578 393
579 825
580 20
581
582 53 292 778
583 149
584 661 606
585
586 624 170 740
587 160 325 341
588
589
590 557 353 418 978
591
592 524
593
594 59
595 952
596 48
597 331 443
598
599 67 688
600
601 22 32
602 453 164 696 244 983
603
604 842
605
606
607 562 904
608 685 993
609
610
611 213
612 515 408
613 990
614 979 906
615
616
617
618 397
619 373 846
620 577 308
621
622
623 510
624 582 320
625
626
627 637 178
628 797
629
630 223 340
631 719
632 148
633
634 572 955
635
636
637 70 98
638
639
640
641 218 867
642
643 231
644
645 869
646
647 315 6 446 663
648 549 46 124
649
650
651
652
653 276 710
654
655
656
657 786
658 147 501
659 14 71
660
661 495 355 928
662 680 473
663
664
665
666
667 985
668 965 145
669 187
670 973
671 658
672 346 266
673 724 671
674
675 249 610 665
676 744 845
677 372
678
679
680 822
681 662 958
682 812
683 273 451
684
685 395 772
686 736 2 580 722 595 401
687
688 374
689
690 184 859
691
692 552
693
694 794 616 838
695
696 241
697
698 855
699 882 505
700 837
701
702 376 988
703 684
704
705 758
706
707
708 105 343 396 650
709
710
711
712 440 319
713
714
715 612 992
716 754
717 73
718
719 604
720 648
721 773
722 566
723
724 24
725 749
726 512
727
728 294
729 133 381 656
730 429
731 72
732 830 862
733
734 162 565 971
735
736 554 69 99
737
738 584 679 925
739 471
740 509 914
741 309
742
743
744 136
745
746
747 40 123
748
749
750
751 485
752 128 847 455
753 385 863
754 761 814
755
756
757
758 726
759
760
761 271
762
763 240
764
765
766 232 967
767
768
769
770 912 117 725
771 247 188 703
772 288
773 30 717
774 782
775
776 304
777 930
778 600
779 926
780
781
782 58
783 328
784 475
785 675
786 627
787 267
788
789 551 972
790 508 621
791
792
793
794 729 767
795 589
796 13
797 653
798
799
800 163
801
802 146 206 714
803 605
804 293 917
805 866
806 432 824
807
808 122 265
809 211
810 236
811 77
812 239
813
814
815 106
816
817
818
819 646
820 478 253 937 644
821 576 113
822 382 821 922
823 400 190
824
825 51
826
827 483
828
829 448
830 197 207 560
831 547
832
833
834 739 592
835 962
836
837 384
838
839
840
841 944
842 747
843 538
844 752 313 366
845 573 728 356
846
847 222 933
848 909
849
850
851
852
853 405 919 750
854
855
856
857 865
858 442
859 759
860 180
861 748
862
863
864 534 318
865 3
866
867
868 132 129
869 907 620
870
871 285
872
873
874 857
875 903
876 44
877 953
878 987
879 607
880 364
881 333
882 235 422
883
884
885 705 820 284
886 352
887 152 252
888
889
890
891 95
892 189 414
893
894
895 756
896
897
898 280
899 12
900
901 334
902
903
904
905
906
907 686 609 861
908 567 16
909 25
910 796
911 321
912 908
913
914 516
915 68 469 788
916 86 166
917
918 525
919 214 858
920 942 490
921
922
923
924 410
925
926 741 723
927 790 793
928
929
930 631
931
932 165 587 251
933 760
934 470
935
936
937 496 639
938
939
940 457
941 583
942 751 828
943 819
944 9 209
945
946 361
947 316
948 204
949 969
950
951 514
952 489 537 307 870
953 423 191 769
954 5 221
955 444 766 742
956
957
958
959 281
960 486
961 934 563
962
963
964 784
965 92
966 732 427
967 799
968 103 943
969
970 339 264
971
972
973 561 818
974 196 344 633
975 169 234
976
977
978 652
979 876
980 349 435
981 195
982 27 494
983 905
984
985
986
987
988 765
989
990 586 111 127
991 666
992 642
993 415 792
994
995
996 517 119
997
998
999
