#/n/fs/ragr-research/projects/fastppm-data/bin/simulate.py --mutations 100 --samples 3 --coverage 30 --seed 19 --output sim
# GMT Sun Oct 13 15:00:03 2024
# 
0 94
1 90
2 5
3
4 83
5
6 97 35
7 42 55
8
9
10 92 65
11 66 78
12 50 28
13 1
14 33 86
15
16
17
18 54 77
19
20
21 82 10 43
22 8 64
23 17
24
25 99
26 40
27 60
28
29 36
30
31 12 53
32
33 41
34
35 23
36 16 58
37
38
39
40 59
41 76
42 44 73 70
43 69
44 31 26
45 21
46 47
47 45 87
48
49
50 88
51 46
52
53 91 29
54 2
55
56 20
57 3 56 52
58
59 48
60 79
61
62 14
63 68 84
64
65 15
66
67 51
68
69 30
70 27 34
71
72 93 81
73 6 4
74 89 95
75 13 71
76
77 32
78 96
79 24 63
80 7
81
82 75
83
84
85 22
86
87
88 72
89 80 98
90 62 61
91 18
92 85 9
93 67 38
94 25 39
95 11 37
96
97 57 19 49
98
99 74
