#/Users/schmidt73/Desktop/fastppm-data/bin/simulate.py --mutations 500 --samples 3 --coverage 1000 --seed 7 --output sim
# GMT Fri Sep 13 14:25:04 2024
# 
0 127
1 167 286
2 295
3
4
5 107
6 467
7
8 486 281
9 389
10 225
11 198
12 248
13
14
15
16 153
17 406
18
19 101 464
20
21 366
22
23 307
24 267
25 250
26 477
27
28
29 381 16
30 100 324
31 212
32 393
33 190
34 117 183 438
35
36 193
37 174 385
38
39 291
40 266
41 104 329
42 463 475
43 494
44 15 95
45
46 21 75
47
48
49 178
50 105
51 90 123 227
52 176 89 362
53
54
55
56
57
58
59 31 384
60
61 448
62 27
63 151 163 310
64 396
65
66
67 39
68 364 169
69 479 84
70 416
71 38
72
73 96
74 120
75
76
77
78 65 374
79 99
80 306
81
82 275
83 490
84
85 469 413
86
87 387
88
89
90 144
91
92
93 323 226 485
94 232 103
95 54 166 214
96 407
97 124
98 81 213 352
99 216
100 341 466
101
102
103
104 42
105
106
107 314
108
109 249 72
110 321 241
111 301
112 223
113
114 297
115 83
116 399 122
117
118 56 210
119 23
120 140
121
122 430
123 125 452
124
125
126 377
127 468
128 382
129 111
130 199 386
131 354 269
132 453
133 237 410
134 337
135 441
136
137 289
138 33
139 136
140 247 155
141 473
142
143 215 335
144
145
146 356 220 67 488
147 134
148 415 156
149 443
150
151 437 47
152 154
153
154 98
155 145
156
157 349 292
158
159 278
160 332 189 59 218 245
161 293
162 435
163 181 168
164
165 320 343
166
167 272
168 259 82 471
169
170
171 424 165 417
172 338
173
174 7 296
175 91
176 446
177 80
178 420 161 476
179 451
180 219
181 455 372 62 493 454
182 206 186
183
184 66
185 110 285
186 489
187
188 345
189 348 315
190
191 339 276 342
192 68
193 109
194 2
195 344
196 157
197 76
198 48 388
199 457
200
201 200
202 94 327
203
204 175
205 85
206 233
207 217
208 487
209
210
211 184 147
212
213 322
214
215 290
216 444
217
218 459
219 236
220 74 196
221 277 79
222 51
223 308 334
224
225 465
226 203
227
228 268 360
229 304
230 87 326 421 412
231 363 55 280
232 53
233 11 208
234
235
236
237
238
239 442
240 139 270
241
242
243 390
244 19 263
245
246 239 78
247 182 28 121
248 350
249 20
250 46
251
252 25
253 432 177
254 131 73
255 43 380
256 397
257
258 447 449
259 64
260 279
261 230
262
263
264
265 244 423
266 358
267 61 461 235
268 243 414 474
269
270
271 44 238
272
273 205
274
275
276
277 179 97
278 130 313
279 497
280
281 229
282
283
284
285
286
287 331 440
288
289
290 71
291
292
293
294
295
296 462
297
298
299 5
300
301
302
303
304 172
305 496
306
307 328 261
308 287 346
309 171
310 52
311 271
312 185 173
313 427
314
315
316 398
317 164
318 347
319 201 402
320
321 369
322 426
323 419 137
324
325 221
326 106 422
327 391
328 368 36 256
329 160
330 116 188 491
331 14
332 404
333 13 405
334
335
336 299 330 148
337 365
338 191 228 240
339 318 340
340 425
341 254 150
342 428
343
344 10 319
345
346
347 265
348 18 50 373 375
349 133
350
351 29
352 433
353 37
354 162
355 361
356 41 138
357 483 195 108
358 209
359 273 495 371
360 436
361
362 142 294
363 112
364 49 57
365 284
366 336 434
367
368 252 6
369 492
370
371
372 231 411 202 128
373 58 392
374
375
376 367
377
378 149
379 77
380 303
381 481
382
383 274
384
385 135
386 17 394
387 8
388
389 456
390 129 498
391
392
393 1
394
395 30 35
396
397 355
398 333 187
399 222 253 114 258
400 118
401 158
402
403
404 395 234
405 370
406
407
408 400 224
409 40
410
411 143 93 429
412
413
414
415 60
416 383 288
417
418 12
419 472 403
420 431
421 264
422
423
424 418 376
425 211 170
426 88 132
427 300
428
429 242 257
430
431 357 262
432 379 317
433
434
435 316 305
436
437 482 302
438
439
440
441
442 63 460
443 251
444
445 450 4 26
446 22
447
448 119 298
449 480
450 146
451 309
452
453
454
455 499
456
457 255 3
458 351
459
460 311
461 204
462 401
463 159 312
464
465
466 484
467
468 445 359
469 24 115 478
470
471 102
472 408
473 260 439
474
475 197
476
477
478 282
479 325 126
480
481 194
482 32 69 86 207
483 458 283
484
485
486 353
487
488 470
489
490
491
492 45 70
493 34
494 246 9 152
495 92 113 180
496 409 378
497 192
498
499 141
