#/Users/schmidt73/Desktop/fastppm-data/bin/simulate.py --mutations 2500 --samples 3 --coverage 100 --seed 16 --output sim
# GMT Fri Sep 13 14:36:15 2024
# 
0 1884 471
1 300 1988
2
3 738
4 1075
5
6 2318
7 74
8 507 485
9 1137
10
11 2139 2278
12 2294
13
14 1764
15 538 1766
16 1574
17 2368
18 189 739
19 880
20 560 2327
21
22 595
23
24 850
25
26
27 977
28
29
30 1718 1926
31
32 890
33 493
34 1776
35
36
37
38 1637
39 49
40 2367
41 102
42 1099
43 357 1715
44 2324
45
46 1571
47
48
49 1762
50 747
51 132 487
52
53
54
55 2270 457 808 2268
56
57 480
58
59 341 433
60
61
62
63
64 1694 2256
65 1191
66
67 1807
68 1741 133 409
69
70 2208
71
72
73
74 766 2433
75 2325 2003 2144
76 2168
77 1796 993
78 2499 1443 2389
79
80 1830 2131
81 2022
82
83 2009
84 1365
85
86 458
87 1399
88
89
90
91 339 1167
92
93
94 235 2068 2236
95 1791
96 361
97 627
98
99 2310 489
100 626
101 2200
102 1369
103 674 2148
104
105
106
107 1301
108
109 2357 2094 2377
110
111 684 188 280 975
112
113 1654 1993
114
115 1072
116 1163 39 1111
117 256 2196
118 1801
119 2206 1096
120
121 484 1395
122
123 443
124 504
125
126 1401 81 1486
127 512
128 1707
129 273 1027
130 945 1285
131 744
132 1386
133 853
134 291
135 1186
136
137 1125
138
139 1025 1501 1797
140
141
142 505
143 913
144 616 992
145
146
147 2034 2129
148
149 2213
150 1134
151
152 406
153 1288
154
155
156
157 2184
158 821
159 1689
160 1601 1814
161
162 305
163 390
164 2126
165 416
166
167 1376 2004 363
168 347
169 1457
170 1599
171 1120 1838
172 449
173 1806 1754 964
174
175
176 1026
177
178 1823 2272
179 1616
180
181
182 473
183
184 1530 408 1779
185 640
186 2491 1539
187 2449
188 1701 1281 1944
189 394
190 2198
191 2050
192
193
194 1019
195
196
197
198 1917 2207
199
200
201
202 1
203
204 1561 386 1816 334 258
205 1172
206
207
208 342 2088
209 535
210 2020
211
212 1142 272 298 307 1354
213 1557 826 2361
214 522
215 424
216
217 1053 143
218 108 1127
219 2426 2306
220
221
222 1197
223
224 984
225 175
226 2381
227
228 2019
229 624
230 2245
231 949 2015
232 413 1587
233 2333 1017 1292 1294
234 1371 1822
235 1780
236 2151
237 1798 404 751
238
239 887 2461
240 2132
241
242 933
243
244 2238
245 422 716
246
247 2183 1724 2292
248 1643
249 1859
250 1385 1930
251
252
253
254 1745
255 2143
256
257 2157
258
259
260
261 1336 2275 618 569
262 2069
263 1184 2087
264
265 962
266
267 1575
268 875
269
270 805 2026 2058
271
272 2291
273 927 2136
274
275
276 2424 1166
277 994
278 2101
279 1287 1344
280 1588
281 877 2349
282 679 1472 2128
283
284
285 126 127
286 1056 1973 2408
287
288 378
289 2429
290 876 1566
291 1828 2448 2480
292 2321
293 2392
294
295 556
296 2276 1040
297 309
298 1978
299
300 1389 1664
301 2119 2390
302
303 360 610
304 1928
305 1614
306
307
308 1502 1682
309 76 793 1695
310
311 2277
312 2100
313 1622
314
315 141 1213
316 44
317
318 575
319
320
321
322 1785
323 312 1101
324
325
326
327 1419 380 1073
328 586
329 38 1685
330 1173
331 270
332
333
334 1012
335 838
336 1613
337 1594 1890
338
339
340 1984
341 707
342 1064 1617
343 1913 856
344 816
345
346 1049 2300
347 868
348
349 1600 1426
350
351 1778 834 1630
352
353 1526
354 902
355 813
356 2161 1232
357 2371
358 488
359
360 869 1821
361
362 2220
363 440 2374 2103
364
365 2170 1541
366 705 2462 1790
367 177 1116 1199
368 2418
369 2317
370 2027
371
372 2261
373
374 285 1523 2232
375 303 26 825
376 2067
377 2362
378 1763
379 1226
380 426
381
382 2411
383 1300 1853
384 1195 2064
385
386 282 1170
387 1952
388 969 1812
389
390 544 2056
391 1406
392
393 2253
394 1346
395 2053
396
397 1168 492 1115 1809
398 859 1799
399
400 1359
401 461 1850
402
403
404 1413 2394
405
406
407 1269 1945
408 845
409
410 1537
411 568 1314
412 735 756 2115
413 249 828 1103
414 1820
415 338 1693 885
416
417
418 316
419 510 1862
420 1305 1589
421 2000
422 772
423 919 1411
424 2005 1802
425
426
427 2085
428
429
430 2399 1897
431
432
433 824
434
435 2438 1473 2217
436
437 122 2388
438
439
440 411
441
442 965 1847
443 1788
444 1119
445 1463 1951 1881
446 972 2111
447 1330 2159
448 1212
449 2130
450 2231
451 2030 1383
452 1188 1421
453
454 64 1737
455 1819 1144
456 486
457
458 643
459 768 1527 1438 1866
460
461 2417
462 2225 1752
463 253
464
465
466 264
467 605
468 1893 1255
469 1735
470 51 2290
471 1781
472
473 1865
474
475 1878 221
476 2346
477 849 1586 1239
478 239
479 2036
480 1825
481 14 1021
482
483
484 1553 453
485 2366
486 27
487
488 1392 420
489 2301
490 2249
491
492 1946
493
494 961 1397
495
496 799
497 1784 268
498 2391 119
499
500 1633 634
501 1249 2230
502 615
503 1233 1731
504 1629
505 963
506 95
507 1920
508 1849
509 374
510 2098
511
512 1218 2038
513
514 325 1709
515 11 96
516
517 193 567 1533
518
519 499 858
520
521
522 1524 650 1941
523 923
524 2302
525 1080
526 1270
527 539
528 395
529 83
530
531 1254
532 524 1387
533 2403 511
534 991 2073
535
536 794 527 1133
537 1774
538
539
540 812
541 2162
542
543 1651 1542
544
545 503 682
546 1525
547 908
548
549 40
550 1177 1414
551 788 2145
552
553
554 641 1662
555 90
556 1608
557 2080
558 1513
559
560
561 2127
562 2071 2254
563 1503
564 1089
565
566 1518 2309
567
568
569 1416
570 638 1986
571 1307
572
573 1713 2223
574 1370
575 1478
576 1623
577
578 2454
579
580 1918 564 1024
581 1357
582 2252
583 749
584
585
586 1201 483 639 748 776 2091
587 724 1747
588 1009 2266
589 350
590 712 322
591
592
593
594 355 843
595 318
596 2226 1490
597 436
598 1939
599 1482
600 1760
601 2180 1743 1841
602 171 733 1839
603 308
604 2165
605 1666 1769
606 124
607 508
608
609 1495
610 571
611
612 402 2177
613
614 251 2039
615 2013
616 2041
617 183 1877
618 448
619 42 1278
620 774
621 1498
622 168
623 2465
624
625 1398
626 2255
627 1295
628
629 548 730
630
631
632 898
633
634 2387
635 979 720
636 387
637 2446
638
639
640 464
641 1805 2212
642 2106 760
643
644 2347
645 1341 1719
646 1733 1546 479
647
648 1982
649 33 2107
650 1912
651 367
652 1130
653 656 2358
654 185 988
655
656 1671 1489
657 1803
658
659
660
661 1175
662
663 373
664 2221 466
665 1279
666 1468
667 2295
668 1933 267 1035 2386
669
670
671 69 181
672 1848
673 588 1609
674 1363
675
676 2135 529
677
678 663
679 442 2024
680
681
682
683
684 1921
685
686 2037
687 72 1914
688 250
689 2142
690 1717
691 516 2055
692
693 1834
694 2430
695 469
696
697 1022 191 1705
698 1954 547 1697
699 565
700 954 1947
701 117
702
703 2008 543 311
704 130 1556 1898
705 1429
706 2282
707 216
708
709 2029
710
711 2437
712 1043 388
713 454 323 815
714 2171 920
715
716
717 2158
718
719
720 2297
721
722
723 631
724 19
725 134
726
727
728 2413
729 693
730
731 165 1655
732 2079 2431
733
734 1000 1356 482 1620 2328
735
736 1510
737
738
739 1462
740 1141
741 1128
742 1836
743 589
744 767
745 944
746 93
747 1123 2319
748
749
750
751 1440 1602
752
753 400 922
754 1181
755 206 968 2355
756
757 727
758 6 1417
759 79
760 630 1567
761
762
763
764 702
765
766 563
767 549 718 1297 1789
768 194 1222
769 1139
770 1352
771 1358
772 930 1235
773
774 62 581
775 1538
776
777 292
778 1576
779
780
781
782
783
784
785 550 1210
786 1455
787 1193
788
789
790 1749
791 934
792 1652 1804
793 2380
794 423
795 1311
796
797 1956
798 101
799
800 284
801 154 1461
802
803 671 1030
804 36 528
805
806
807 532
808
809 263 1247 2494
810
811
812
813
814 1256
815
816 1856 2057
817 129 2082
818
819
820 2060
821 208 540
822 446 777
823 1827 460 1068 1603
824
825 2441
826
827
828
829 2486
830
831 1987
832
833
834
835 1532
836 418 633 2182 2262
837 1066 3 288 1675 891
838 728
839 354
840
841 162 1042
842 660
843
844
845 807 169
846
847 662
848 29 48
849
850 2435 1326
851 187
852
853
854
855 1192
856
857
858 1237
859
860
861
862 1041
863
864
865 2215
866 906 1185
867
868
869 1845
870 867
871 1995
872 2351
873 327 787
874 530
875 1479
876 1266
877
878 1415 2479
879
880 107
881
882 164
883
884 2244
885
886 1729 1744
887
888 1940
889 2141
890
891
892
893
894 740
895 580 818
896 1555 1071 2453
897 2049
898 1092
899 1428
900
901 1476
902 2457
903
904
905
906 139 597
907 2239 1180
908 1454
909 1863
910
911
912 978
913
914
915 746 2031
916 58 552
917 1647
918 2084
919
920 174
921 1610 1481 2191
922
923
924 121 786
925
926
927 1313 996
928
929 97 2436 2415
930 1347
931
932 1045 1826
933 924
934
935 621 757
936 1981 2383 1900 2228
937 1840
938 1831 2313
939
940 376 1723
941 381 1316 1366
942 1621
943
944
945 1846
946
947 1211
948 830
949 328 1231
950 2241
951
952 1004 1730
953 562
954 242 1755
955
956 989
957
958 1726 1968
959 2063
960 362
961 2153
962 1342
963 113 2443
964
965 1563 1800
966 1158
967 2323
968 319 2464
969 2263
970 1178 2489
971 520
972 938 120
973 1360 2343
974 1338 103 277 1057
975
976 2397
977 1783
978 651
979 1868 915 602
980
981
982 53 1634
983
984 736 1132
985
986 1753
987 1998 415 2243
988 2105 1337
989 233 1153
990
991 356 234
992
993 911
994 313
995
996 248
997 1505
998 1698
999 1469 1880 1451
1000 104 1646 447 1691
1001
1002 928
1003
1004
1005 2164 2108
1006 1854
1007
1008 836
1009 2273
1010 214
1011
1012 1018 1044 2455
1013
1014 1492
1015 1261
1016 1090
1017
1018 801
1019 1436
1020 637 92 935
1021
1022 1676
1023
1024
1025
1026 1393
1027 2025
1028 2283
1029 2163 441 690
1030 995
1031
1032
1033
1034
1035 2495
1036 1670 1034
1037 1189
1038
1039 1979
1040 1447
1041
1042
1043 1219
1044
1045 1911
1046 1108
1047
1048 669
1049 2421 333
1050
1051
1052
1053 498
1054
1055
1056
1057 1874
1058 654
1059
1060 213 1668 2140
1061
1062
1063
1064
1065
1066 1950
1067 1202
1068
1069 1145
1070
1071
1072
1073
1074 1485
1075 929 1543
1076 971 732 666
1077
1078
1079
1080
1081
1082 723
1083 88
1084
1085
1086
1087
1088 332
1089 2470
1090 2109
1091
1092
1093 1465 232
1094 2095
1095 2035
1096
1097 806
1098 1299 779 2219
1099 1442 1135
1100 948
1101 389
1102
1103 1063
1104
1105
1106 1156 2474 2427 2083
1107 1690 2209
1108
1109 100
1110
1111
1112
1113
1114
1115
1116
1117 1164
1118
1119
1120
1121 2425 1580 1767
1122
1123
1124
1125 2032
1126
1127
1128 2033
1129 1808
1130
1131
1132
1133 1768
1134 136 2216
1135
1136
1137 1577 1519 2451
1138 2044 1932
1139
1140 741 635 521
1141 321
1142 797
1143 973
1144
1145 545
1146 715
1147
1148 1310 2021
1149 1329
1150
1151 2345 557
1152
1153 604
1154 1445
1155 883 1114
1156 8
1157
1158
1159 226
1160 1377
1161 10 1611
1162 197
1163 2475 180
1164
1165 600 2199
1166 762
1167 1257
1168 1765 1861 2001
1169 203 1355 1380
1170
1171
1172 1964
1173 459 331 672
1174
1175
1176 1931 2203
1177 2354
1178 755 2497 1536
1179
1180 1015
1181 1367
1182 1176 1466 942
1183 763
1184 1441
1185 2422
1186
1187 202 22 1487
1188
1189
1190 391
1191 2439
1192 114
1193 1379 1965 647
1194
1195 145
1196 2075
1197 864 1174
1198
1199
1200 84 1957
1201 1929 1843 2016 1425 2092
1202 916 553
1203 1734
1204 1554
1205
1206
1207 625
1208 1340
1209
1210
1211
1212 1858
1213
1214 2344 696
1215 1100
1216 2350
1217 1888 429
1218 1960
1219 731 369 2093
1220 2288 694 1625
1221
1222
1223
1224 946
1225 1535
1226 368
1227 2284 2014 1315
1228 1692 941 719
1229 1681
1230
1231 2246
1232 1810
1233
1234
1235
1236
1237
1238 2382
1239
1240
1241
1242 54
1243 689 1999
1244 4 59
1245
1246 1304
1247
1248 1578
1249
1250
1251
1252 759
1253 1817
1254
1255 1161
1256
1257
1258
1259
1260 2303
1261
1262
1263 1207
1264 86
1265 43 1091
1266 490
1267
1268 2432
1269 2298
1270 2114
1271 2150
1272 700
1273 914
1274 649 2110 2428
1275 478
1276 1155
1277
1278
1279 2070 348
1280 1320
1281
1282 620 2072
1283 2416 1234
1284 9 2322
1285
1286 608 1876
1287 1230
1288 555
1289 358 1353 1989
1290
1291 2028
1292
1293
1294
1295 576 437 863
1296 2442 782
1297 909 2315
1298
1299 255
1300 217
1301 1683
1302 2062 2271
1303 613
1304 2348
1305 254 1508
1306 1085
1307 1328 2331 163
1308 111 2113
1309 375 1229
1310 646 2267 2205
1311 2400 1885 2341
1312
1313 349
1314
1315 283
1316
1317
1318
1319 1335 1268
1320 2173 1686
1321 1343
1322 315 1430
1323 156 1883
1324 982
1325
1326 65
1327
1328 1204 1870
1329
1330 1194
1331 1584 1516
1332 105 1250
1333
1334 1572 1126
1335 1942
1336 1504 1200
1337
1338 337 1582
1339 2456
1340 1475
1341 606 769
1342 997 1700
1343
1344 1378
1345 1349
1346 1248 2286
1347 1887
1348 1751 1635
1349 874
1350 2466 1097
1351
1352
1353
1354 2179
1355 1223
1356 269 353 1129
1357
1358 967 860
1359 167 1217
1360
1361 1407
1362
1363
1364 2492
1365 1390
1366 1757
1367 176
1368 1263
1369 494
1370
1371
1372 745
1373 706 1559 1113 1787 2452
1374 1054 1983
1375
1376 1036 1450 1552
1377 246 1317
1378
1379 12 1238
1380
1381
1382 1818 1711
1383
1384 1605 2338
1385 336 1716 2363 1650
1386 1835
1387
1388 314 1860
1389 1008 632 2045
1390 1985
1391 661 1564
1392 46 1879
1393 897 209
1394 192 653
1395 201 1678
1396
1397
1398
1399
1400 1583 827 1110
1401 2444
1402 2048
1403 2264
1404
1405 80
1406 1585 1409
1407 241
1408
1409
1410
1411
1412
1413 425
1414 714
1415 1456
1416
1417 158
1418 1271
1419 1452 372
1420 1991
1421
1422 2396
1423
1424
1425 2404
1426 1422 207
1427 359
1428
1429 1660 1684 1327
1430
1431 2330
1432 1074
1433 1196 1372
1434 1636
1435 1280
1436 190 677
1437 468 2314
1438
1439 166 2359
1440 1714
1441 67
1442 2116 274
1443 691 2137
1444 2046 451 1672
1445
1446
1447
1448 1143 2485
1449
1450 34
1451
1452 1284 591 1303
1453 2477
1454 1459
1455 1511
1456
1457
1458 1904
1459 231 1674
1460
1461
1462 295
1463 1949 854
1464
1465 1289 1648
1466 771
1467 465
1468
1469 1667
1470
1471 1867
1472 2360 1955
1473 893
1474 1903
1475 784
1476
1477 396
1478 1910 2121 1669 1896 2233
1479 734 1306
1480 109
1481 1569
1482 2395
1483 1106
1484
1485 753 1087
1486 439 1312 2152
1487 986
1488
1489 1593
1490 497 2481
1491
1492
1493
1494 1410
1495 1332
1496
1497
1498
1499
1500
1501
1502 578 675
1503 2176 711
1504 1265 2042 894
1505 229
1506 220
1507
1508
1509
1510
1511 2155
1512
1513
1514 1333
1515
1516 1908
1517 1901 1658 1152
1518 1182 2169
1519
1520 301
1521 326 2174
1522
1523 644
1524 2023 1922 554 1551
1525 658
1526
1527 789
1528 172 1864
1529
1530 2010
1531 2002
1532 1251
1533
1534 1225
1535
1536
1537 506
1538 1484
1539 2329
1540
1541 937
1542 377
1543 2260
1544
1545 1033
1546 223
1547 770
1548 393
1549
1550 99
1551
1552 421
1553 725 2353
1554 921 317 392 2326 2078
1555 819 2146 1062
1556 960
1557 1319 572
1558
1559 904
1560 1703
1561 695 809 2364
1562
1563 1793
1564
1565 1028 559
1566 519
1567
1568 1632 1252
1569 329 585 871
1570 1902
1571 1851
1572 2402 2468 1507
1573
1574
1575 1547
1576 18
1577 196 790
1578 1050
1579 1891
1580 1736 1656
1581 2434 2460
1582
1583 2258 344 351
1584 1351
1585 752 1150
1586 1038
1587
1588
1589 1725
1590
1591 884
1592
1593 1404
1594 1083
1595
1596 1374
1597
1598 1771
1599
1600 212 848
1601 276
1602
1603
1604 1474
1605 1640
1606 764
1607 365
1608
1609
1610 1334
1611 1039
1612
1613 56 2047
1614 603 823
1615 1060 966
1616
1617
1618 60 687 1591 1179
1619
1620
1621 847 721
1622
1623 1029
1624 895
1625
1626 676 1832 1396
1627
1628
1629
1630 1375
1631
1632 297 502
1633 2175
1634 1246 1875
1635
1636 1136
1637 1394 1677
1638 1909 2197
1639
1640
1641
1642
1643 1560 1794
1644 1855
1645
1646 2250
1647 2222 2274 474 2187
1648
1649 531 1907
1650 722
1651 1520 2188
1652 366
1653
1654 686
1655
1656
1657
1658 1031 1046
1659 32 1565 1203
1660 515
1661 534
1662
1663 1260
1664
1665 289 981
1666 70 1023 2337
1667 37 434 593
1668 1570
1669 866 182 243 2120
1670 2409 692
1671 2332
1672
1673 278 1013
1674
1675 683 1488
1676 795 1706
1677 983
1678 1165
1679
1680
1681 128 998
1682 861
1683 1844
1684 525 659
1685
1686 2190
1687 1925
1688
1689 87
1690
1691
1692 410 1169
1693 680
1694
1695 1746
1696
1697 1595
1698
1699 2398
1700
1701 710
1702 52
1703 792 1712
1704 431 551 2229
1705
1706 970
1707 2384
1708 1350 1953
1709
1710
1711
1712 892
1713 495
1714
1715
1716 1323 523 2074
1717 1154 1540
1718
1719
1720 324
1721 296 382
1722 2096 1919
1723 21
1724 713 1980
1725
1726 617 857
1727
1728 1708 1093 428 1291 2051
1729
1730 1131
1731
1732 257 200 1388 2214
1733 607 1777 2312
1734
1735 247
1736 2316
1737 1262
1738 1967
1739 2133 1992
1740 1122
1741 1772 750
1742 2372
1743
1744
1745
1746 1047
1747
1748
1749
1750 1016 1770
1751 990 1435 1464
1752 878
1753 1460
1754 13
1755 224
1756 435
1757
1758 398
1759 205
1760
1761 2296
1762 701 517 840 1408
1763 75 901
1764 2484
1765 987
1766
1767 773
1768
1769 299
1770
1771 2 623
1772 2473 1618 2370
1773 628
1774 2482 1604
1775 467
1776 1308 45 888
1777
1778 536 558
1779 1470
1780 1109
1781 1792
1782 743 1011
1783 533 1243
1784 2476 514
1785
1786 302
1787 1534
1788 829 943 1892
1789
1790 726 1273
1791 170
1792 2154 2248
1793 23 678
1794
1795 1298
1796 414
1797
1798 590 912
1799 1086
1800 2478
1801 178 2369
1802 306 783
1803
1804 947
1805 1240
1806 1598 2043
1807
1808
1809
1810 1078 1641 1996
1811 2122
1812
1813 2342
1814 186
1815
1816 1272
1817
1818 55 667
1819 438 2293
1820 2147
1821 2065
1822 2405
1823 397 112 225
1824 717
1825 82 1448 2308
1826
1827 541
1828 1673
1829
1830
1831 2242
1832 330 865
1833
1834 1264 403 2204
1835 137 1969 1889
1836
1837 2193
1838 2218
1839
1840
1841
1842 1227 765 791
1843 1138 652 2059
1844
1845 1244
1846 266
1847
1848 526
1849 1220
1850
1851 1423
1852 1453 1943
1853 427 1514
1854 345 1727 2061
1855
1856
1857 244
1858
1859 1661 1345
1860
1861 729
1862
1863 1592
1864 833 2365
1865 1545
1866
1867 1997 955 2458
1868 2138 1151 1112
1869 456 1205 1339
1870 673 1558
1871 1058 2194
1872 215 1906
1873
1874 371 592
1875
1876 1597
1877 2227
1878 798
1879 599
1880 477
1881 1550 601 1894
1882 1721
1883 1882
1884 1140
1885
1886
1887
1888 698 1258
1889
1890
1891
1892
1893 2269 2210 1325
1894 419
1895
1896 1051 1381
1897
1898 1001
1899 664 66
1900
1901 237 761
1902
1903 2167
1904
1905 1994
1906 2307 293
1907 1638
1908
1909
1910 2450 1006 1500
1911 98
1912
1913 1432 1171
1914 907 1948
1915 35
1916 1923
1917 1117
1918 94
1919 281
1920 1976 900
1921 1728 1467
1922 25
1923 1020
1924
1925
1926 2124
1927
1928
1929 668 240
1930
1931 1471
1932 2279 1491
1933 2018
1934 159 1974 320 399
1935
1936 41 412 583
1937 1214
1938 71 252
1939
1940
1941 2320
1942 63
1943
1944 1927
1945
1946 2493
1947 2287
1948 1331
1949 778 704
1950 940 1699
1951 73
1952 2134
1953 2077
1954 1581 271
1955 1644
1956 5
1957 1160
1958 148 2259
1959 147
1960 655
1961 629 1606
1962
1963
1964 1837
1965 974
1966
1967 985 1515
1968
1969 2335
1970
1971
1972
1973
1974 2185
1975
1976 340 1276
1977 125 1076
1978 561
1979
1980
1981 1915 1253
1982
1983
1984
1985 475 1959 1147 1496
1986
1987 385 810
1988 2211
1989
1990 1275 1061
1991 1318
1992
1993
1994 401 383
1995 1149
1996
1997 57
1998 24 106
1999
2000
2001
2002
2003 91
2004 155
2005 596
2006 642 1420
2007 7
2008 343 758 1627
2009 1782 709
2010 1659 2375
2011 77
2012 832 872
2013
2014 2089 2011 2235
2015 2471 939
2016 245 1665
2017 144
2018 1624
2019 1321
2020 2304
2021
2022
2023 2076 2156 1444 670
2024
2025
2026 2339
2027
2028 681 950
2029
2030 2118
2031 926
2032 142 1446
2033 2420
2034
2035
2036 1786 2412
2037 501
2038
2039 577 2172
2040
2041
2042 195
2043 131
2044 917
2045
2046 146 1198
2047
2048 1088
2049 116 310 1146 2195
2050
2051
2052 665
2053 1228
2054
2055
2056
2057
2058
2059
2060 16 1649 802
2061
2062 30 1615
2063 1309
2064 846 1209
2065 115
2066 1742
2067 1437
2068 1702
2069
2070 2490
2071 1361
2072 265
2073 1037 1631
2074 862
2075 574
2076 2251 1190
2077 1775
2078
2079 579
2080 1277
2081 566 2459
2082
2083
2084
2085 218 450 2117
2086
2087 611
2088 781
2089 1548 952
2090 68
2091
2092
2093
2094 882 2281
2095 703
2096 2186
2097
2098
2099 1619
2100 1958 1427
2101 803
2102
2103
2104 657 1434
2105 1183 1412
2106 509
2107
2108
2109
2110 2419 2125
2111
2112 800
2113 1512
2114 2054
2115
2116 1977 699
2117 879 1118
2118 1704 1208
2119
2120 980
2121 123 1433
2122
2123 470
2124
2125
2126
2127
2128 2265 1687
2129
2130 1302 1283
2131 2311
2132 1971
2133 796
2134 85
2135 697 1418
2136
2137
2138 976 1739
2139
2140 2280
2141 1439
2142
2143 2007 1916
2144 903
2145
2146 899
2147 1531
2148 1873
2149
2150 932 1368
2151
2152 1579 1935
2153 1477
2154 1242
2155 370 1738 1079 1795
2156 2393 918
2157 184 1653
2158 135
2159
2160
2161 161
2162 1067 636
2163 1094
2164 1364
2165 2240
2166 261 2356
2167 78 1405 584
2168 754 430
2169 956
2170 2488
2171 2090 2483
2172
2173 1290
2174 1224
2175 820
2176 622 1975
2177 1065 1740 1679
2178 1517 1059
2179 1241
2180 2237
2181 513 1833 1966
2182 896
2183 837
2184
2185 1216 546
2186 1162
2187
2188
2189 2472
2190
2191 1055
2192 286
2193
2194
2195
2196 2334
2197
2198
2199 844
2200 2407 1645
2201
2202
2203
2204
2205 2379
2206 1937
2207
2208
2209
2210 822 594
2211
2212
2213 2336 814
2214 2305
2215 379
2216
2217
2218 1895
2219 1003
2220 1963
2221 804
2222 2017
2223 2201
2224 1590 2401 2445
2225 1322 151
2226 173 2123 1324
2227 1081
2228
2229
2230
2231
2232
2233 1221
2234 1124
2235 1990
2236 951
2237 211 1811
2238 2373 780 1236
2239 179
2240
2241
2242 1098 2166 1458
2243
2244 1449
2245
2246 518
2247 199 1267
2248 260
2249 2376
2250 889 1506
2251 118
2252 1082
2253 1568
2254 1607 931
2255 1148 384 230
2256
2257 500
2258 222
2259
2260 2081
2261 31 1938
2262
2263 1829
2264 287 742 870 1494
2265 852
2266 1758
2267 1761 2467
2268
2269 1187 432
2270 110 2247 2469
2271
2272 227
2273 149 1934
2274 851
2275 958
2276 279 352
2277
2278
2279 1077 1815
2280
2281 1069
2282 2487
2283 452 1084
2284 2257
2285
2286
2287
2288 1857 1972
2289 262 1773
2290
2291
2292 1628 2102
2293
2294 462 1014 1696
2295
2296 1663
2297 737
2298 89 1286 1259
2299 20 1274 259
2300 1362
2301
2302 1382 1549
2303 587
2304
2305 1522
2306
2307 1871
2308
2309 1095 1529
2310 614
2311
2312
2313 2192
2314
2315
2316 157 839 2410 2097
2317 491
2318
2319
2320
2321 1886
2322 1424
2323 855 1048 1007 1206
2324 1348 2352
2325 619 953 1680
2326 1499 1710
2327 2440 1970
2328
2329 2385
2330
2331 153 335
2332 2112
2333 1626 2160
2334
2335 2066 2189
2336 1010
2337 1642
2338
2339
2340
2341
2342 817 1936 1961
2343
2344 542
2345 1282 407 842
2346 1373 2099
2347 1852
2348 886
2349
2350 152 2224 2378
2351
2352
2353 236 496 1157
2354 959 1905 1102 1107
2355
2356 1924
2357 17 905
2358 1596
2359
2360 50
2361
2362 455 1562
2363 1400
2364
2365
2366 1391 1293
2367
2368
2369 1759
2370
2371
2372
2373 1480 2299 2104 1657
2374 1612 2202 2498
2375
2376 1493
2377
2378
2379
2380
2381 2006 1052
2382 2406 582
2383 275
2384 1403
2385
2386
2387
2388
2389 1962
2390
2391 445
2392
2393 1824 2178 304 1521
2394
2395 775
2396 609
2397 1899 835
2398
2399 1720
2400 2496 1688
2401
2402 1813 1032
2403 238
2404 405
2405
2406 150
2407 1002 1104
2408
2409 160 1215
2410 573 811
2411
2412
2413 1573
2414 1159 138 1105
2415
2416 364
2417 873 1639
2418 1245
2419 1431
2420 785
2421 1402
2422
2423 204
2424 2423
2425 2052
2426 1756
2427 1748
2428
2429 570
2430 417
2431
2432 1384
2433 831
2434 1483 881
2435 936 688
2436 612
2437 2086 2285
2438 228
2439
2440 598
2441
2442 140
2443 1070 2234
2444 1872 294
2445
2446 537
2447 910
2448
2449
2450 2414 645 2181
2451
2452
2453
2454 15 1509
2455
2456
2457 290
2458
2459 346 2149
2460
2461
2462 1842 2040
2463
2464 444 2447
2465 210
2466 481 198 463
2467
2468 1296
2469 925 957
2470 999
2471 1869 1750
2472
2473 47
2474 1722
2475 1005
2476 841
2477 219
2478 1497 2340
2479
2480
2481
2482 476
2483 708
2484
2485
2486 2012
2487 1121
2488 685
2489
2490 1528
2491 1732
2492 28
2493
2494
2495 1544 2463
2496 61
2497 2289 648
2498
2499 472
