#/Users/schmidt73/Desktop/fastppm-data/bin/simulate.py --mutations 500 --samples 3 --coverage 30 --seed 9 --output sim
# GMT Fri Sep 13 14:24:37 2024
# 
0 418
1 194
2 410 494
3
4 48
5
6 146
7 42
8
9 147
10
11 419
12 62 352 486
13
14 51
15 292
16 189
17 168
18
19 308 327
20 431 395
21
22 118 177 290
23
24
25 120
26 142
27
28 302
29 368
30 206 207
31 246 150
32
33 219
34
35 165 390
36 454
37 7 154
38
39
40 149
41
42 190
43 205
44 367
45 460
46
47 122 407
48
49
50
51 357
52 213
53 5 456
54 380 483 52
55
56 284 10 98 167
57
58 82
59
60
61 24
62 462
63 296 366
64
65 88
66 478
67
68
69 217 25 324
70 77 158 398
71
72 83 499
73 408
74 57
75 12
76
77 253
78
79 171
80 476
81
82 421 81 274 381
83
84
85
86 239
87 18 485
88
89 110
90 20
91 123 466
92 170 307
93 411 458
94 78
95 475
96 467
97 387
98 417
99 203
100 422
101 243
102
103 11 96
104 439
105 489 224
106
107
108 84 102 487 223
109 416 424
110 231
111
112
113 164 228
114 137
115 94
116 95
117 236 103
118 373
119 49
120 394 343
121 463
122 449 470 386 474
123 138 216
124
125 75 133
126 169
127 218
128 426 323 434
129
130
131 328
132 363 230
133 232 331 273
134
135
136 330
137 54 33
138 134
139 89 298 304
140 271
141 319
142 127
143 435
144 300
145 45 37
146
147 244
148 152 293
149
150 258 313
151 22 374
152 316
153 29 337 442
154
155 66 220
156 210 402
157
158
159 32 227
160
161 195
162
163 126 50
164 124
165 378
166 44
167
168
169 3
170 139 256 130 233
171 148
172
173 157
174 242
175 106
176
177
178
179 184 351
180 446
181 101 334
182 60
183
184
185 13 61 28
186 46 493
187 396 71
188
189 204
190 495 299
191 322 325 294
192
193 182
194 430
195 277
196 38
197 432 440
198 27 238
199 414
200 382
201 488
202 160 309
203 259
204 166 178 415
205
206 151
207 201
208
209
210 145
211
212 163
213 295
214 226 482
215
216
217 31
218 349
219 350
220
221 30 109 280
222 214
223
224 257 303
225 67
226 400
227
228
229 356
230 445 240
231 105 339
232 181 234
233
234
235 492 406
236 341 85 135 288
237 68 375
238 436 481
239 179
240
241 272
242
243 321 370
244 237
245 409
246 6 183
247 119 361 438
248 399
249 162 279
250
251
252 192
253 443 202
254
255
256 121
257 344
258
259
260
261 450 113
262
263 221
264
265 312 491
266 92 318 447
267 212
268 429
269 353
270 251
271 2
272
273
274
275
276 248
277 372
278
279
280
281 99 285
282 73
283
284 140 360 200
285
286
287
288
289
290 464
291 43
292
293
294
295 241
296 471
297 47
298 174
299 265
300 340
301 143
302
303 80 129
304
305 297
306
307
308 345 36
309 326
310 444 498
311 338 286
312 317
313
314
315
316
317
318 405 100
319 358
320 281 468
321 159 496
322 267
323
324
325 215 377
326
327 93 306
328
329 229
330 305 365
331 311
332
333 187 261 209 310
334
335
336 262
337 354 355
338 40 329
339
340 87 59
341 348 428 76
342
343 65
344 291
345 263 125
346 412 17 269
347 333 39
348 191
349
350
351 275
352 211
353
354
355
356 455 448
357 388 362
358 457
359 186 392 255
360 193
361
362 403
363 116
364
365
366 484
367 41 336
368 132 197
369 4 198
370
371
372
373 141
374 287
375
376 268 497
377
378 70 264
379 465 188
380 56
381
382 480
383 247 155
384 270 289
385 314
386
387 385
388 301 199 461
389 283
390 347 473
391 115 176 384
392 108
393
394 16 23 128
395 19
396 15
397
398 252
399 21
400 117 9 413
401
402
403 55
404
405 153
406 276
407
408
409
410 64 161 245
411 173
412 425 260
413 282 254
414 91 332
415
416 185 250
417
418 35
419 34
420
421 196 383
422
423
424
425 180 222
426 175 376 371
427 379
428 104
429
430 278
431 156 136
432 359
433
434
435 1 172 477
436 107 389
437 69
438
439 26 393 459
440 111
441 391
442
443 266 114 451
444
445 63
446 14 90 401
447
448
449 437 58 249
450 427
451 86
452
453
454
455 364
456 404 420
457 235 397
458
459
460 369
461 315
462
463
464
465 225 79 131 423
466
467 342
468 453
469
470 320
471 479
472
473 74 97
474
475 8
476
477 452
478
479 490
480
481 208
482
483 144 72
484
485
486 472
487 112
488 335
489 346
490
491
492 53
493
494 469
495 441
496
497
498
499 433
