#/Users/schmidt73/Desktop/fastppm-data/bin/simulate.py --mutations 100 --samples 3 --coverage 30 --seed 3 --output sim
# GMT Fri Sep 13 14:24:16 2024
# 
0 28
1 60
2
3
4
5 79 40
6
7
8 37
9 1 90
10 87
11 73
12 86 50
13
14
15 48 5
16 18
17 19
18
19 61 27 55
20 92 63
21 72 30 71
22
23
24
25
26
27
28 95 70 8
29 97 32
30
31
32
33
34 84 88
35
36 44
37 26 80
38 85 77 69 91
39 11 56
40
41
42 52 82
43 9
44
45
46
47 53 89
48 43 38
49 33
50 47
51 66
52 39 62
53 57
54 36 93
55 51 98
56 12 75
57
58
59 42 45
60
61 13 96 23
62
63
64
65 83
66 67
67 46
68 65 41
69
70 6 54
71 35
72 3
73 15 99
74 59 29 17 64
75 14
76 4
77 58
78 25
79 78
80
81
82 68
83 21
84
85 10 20 49
86 31
87 76 7
88
89
90
91 81 94
92 16
93
94
95 74
96 22 34
97 2 24
98
99
