#/Users/schmidt73/Desktop/fastppm-data/bin/simulate.py --mutations 2500 --samples 3 --coverage 1000 --seed 5 --output sim
# GMT Fri Sep 13 14:38:19 2024
# 
0 439 1975
1
2 1071 1486
3 1583
4 1910
5 2454
6
7
8 1122
9
10 2492
11
12 1512
13
14
15 2063 2056 2174 305
16
17 600
18 1546
19 844 1255
20 81 2167
21 121 860 945
22 897
23
24 613
25 1460 1194
26 743 183 2392
27 846
28 29 317 1334
29
30 1304 304 1897
31 1904 243
32
33 1961
34
35 802
36 297 929
37
38 2042 1519
39 1006
40 1802 328
41 116 188
42 1693
43
44
45 2254
46 173 839
47 2002
48
49 2145
50 2083
51
52 2400
53 2110
54 1707
55 924
56 1766
57 1710 2470
58
59 726
60 1091
61
62 1688
63 976 2117
64 1351
65 979
66 2234
67
68 1965
69 73 88
70 1711
71 1380
72 804
73 1672
74
75
76
77
78 2121 1927
79
80
81
82
83
84
85 611
86 1274
87 934 110 573 1528
88
89
90
91
92
93 265
94 2360
95 1571 2493
96 39 621
97 1401 372 676
98 1842
99
100 567
101 649 1525
102 1333 2092 2039
103 1601 2113
104 1796
105 67 1075
106 539 764
107 126
108 1471 756 973
109
110 313 79 2179
111 610 1895
112 736
113 1021 2169
114 420 1930 1155
115 155 54 357 2377
116 653
117 203 303
118 701 738 819 984
119 968
120 1762
121
122 113
123 2100 2280 2341
124
125 1474
126 1236 1815
127 478
128 1847
129 670
130 735
131
132 123
133 1000
134 714
135
136
137
138 1973 2148
139 2233
140 277 2168
141 101 1134
142
143
144 2288
145 15
146 2156
147
148 515 1214
149 1096
150 1268
151 874
152 2
153 145 233
154 2206
155 2356 241
156 932
157
158 237
159 34 1396
160
161
162 1558
163 623
164
165 1101 2369 1990
166
167 1237 1077
168 1103
169 2264
170 47 1288 1190
171 250 1977
172 1765 1499
173
174
175 199 1083 1786
176 87
177 2374 166
178 461 1817
179 637
180 643
181 1722
182
183
184
185
186 2327
187 837
188 281
189
190 22 2381
191
192 330
193 1843
194 2274
195 1645 1720
196 1118 2395 2476
197 1168
198
199 1284
200
201 1100
202 1806 1200
203
204 2301
205
206 2053 2082
207 2164 2428
208 1962
209 1488 2106
210
211 141 974 1338 2091
212
213 2292
214 1588
215
216 382
217
218
219 629
220 1574 2373
221 1462 1629
222 544 656
223
224 1505 1355
225
226 2275
227 851 1080
228
229
230
231 810 1900
232 817
233
234
235 1618 1060 1065
236
237 1269 2398
238 1131 2238
239 1481
240 407
241
242 2407
243 1919
244 278
245 1180
246 353
247 1599
248
249
250 739 2162
251
252 35
253 2303
254 985
255
256 1299 898
257
258 115 1788
259 51 366 2143 2123
260 1267
261
262
263 230 1189 1668
264 270 2214
265 1145 80 1731
266
267
268
269 1915
270 2439
271
272 276 780
273 2036
274 834
275 285 2389
276 1427
277 2334
278 1882 2350 2315
279 731
280 1757
281 1606 2095
282
283 2376 669 2075 2269
284 1518
285 2412
286 638
287 2299
288
289
290 836 433 899
291
292
293
294 1909 1240 1159
295
296 1818 2330
297
298 1941 2151
299 2228
300 1171
301 229
302 2380
303
304
305 664 721
306 1730 1478
307
308 1004
309 1070
310
311
312 13
313 1350
314 2136
315 1245 2246
316 2209
317 96
318 1884
319 1087
320
321 1412 864
322 1349 815
323 1319
324 109 1162
325 1140 510 877
326 2202 78 957 1602
327 683 1442
328
329 751 1352 2319
330
331
332
333
334 589
335 1875 1482 1315
336 2077
337
338
339 129
340 104
341 1641 1947
342
343 1591 744
344 1195
345 577
346 1473
347 2399
348
349 2130
350
351 507
352
353 239
354 754
355
356
357
358 820
359 1526 1917
360 807
361
362
363
364 848 65 2223
365
366 1406
367 1780
368 2103
369
370
371 1298
372
373
374
375
376
377 2222 2333
378 1639 1592
379
380 18
381
382 375 456 410 2187
383
384 640 2019
385
386
387
388
389
390 2232
391 603 586
392 2409
393
394
395 176 202 421
396 777 748
397 1127 2268
398 598 745
399 1037
400 1405
401 1862
402
403 2451
404 2325
405
406 269
407
408
409 2153
410
411 568
412 200 327 1942
413
414 1867 2317
415
416
417 194 1147 1456
418 713
419 1183 1746 2353
420
421
422 2488 236
423 590 606
424
425 828 1522
426 2273
427
428 1133 257 602 854
429 174
430 1933
431 1345 1184
432 1149 533 964
433
434 1983
435
436 2132
437 2190
438
439 912 1995 2455
440 730
441 1612 1751
442
443 845
444 2449
445 1205
446
447
448 863
449 565
450
451 981
452 977
453 2093
454
455 395 1470
456 393 791 1968
457 866
458
459 1310
460
461 1613
462 197
463 1252 1446
464 1414
465
466
467 2302
468 143 1716
469 658 2218
470 266
471 2438
472
473 52 2003
474 1782 2364 205 2220
475 1642 1331
476
477 1681 1475
478
479 1774
480 1076
481
482 163 1676
483 627 2450 1282
484
485
486 768 2258
487 2340
488
489 614
490
491
492 4
493 1511
494 763 975
495
496
497 888
498 823 1531
499 517
500 20 825
501 119
502 1664
503 2306 865 1674
504
505 2426
506
507 1970
508
509
510 2044
511 1461
512 1656
513 824
514 427
515
516 1270 2344
517 970
518 1717 301 1630 1320
519
520 1508
521 674 514
522
523
524
525 378
526
527
528 218
529 316 267
530
531 794 1068
532 193 1340 2247
533 2436
534 801 1198
535
536 90
537 152 2361 715
538 1059 1480
539
540
541 498
542
543 122 1949 1539 1691
544
545 1416 2296
546
547
548 2262 1637
549 69 1423 2126 1793
550 26
551 891
552 841
553
554 2111
555
556
557 1433 2205 1324
558 1758
559
560
561
562
563
564 1665
565
566 2328
567
568 2098 928
569
570
571 2415
572 416 1703 1779
573
574 697
575
576 2060
577
578 436
579 1344
580
581 1764
582 2224
583 1607
584 19
585 2429
586 1402 450 855
587
588 2108
589 1876
590
591
592 591 1659 2318
593 195
594 252
595 1172
596
597 1296 1551
598 1342
599 1557
600
601 1013 1430 728 1870
602 843 1568 1503
603 274
604 694
605 2225
606
607
608 1443 704 2385
609 2096 1469
610
611 2497
612
613 2138
614 1217
615
616 1680
617 41
618
619 268
620 1538
621 234
622 1201 561
623 1724 1286
624 2305
625 822
626
627 1832 1851
628
629
630 842 1497
631 2383
632
633 519
634
635 8
636 430 997 1547
637 749 2025 315
638 487 1487 1027
639
640 723
641
642
643 206 1534
644 1761
645 2088 2422
646 319
647 1509
648 2011 2259 1794
649 325 2237 2256
650 1835
651 1444
652 1709 528
653 1109 1636 570
654 2198 2473
655
656
657 2081
658
659
660 392
661 680 1950
662 566
663 1257
664
665
666
667 1986
668 634 784
669
670 800
671 192 1896
672
673
674 2149 1290
675
676 465
677 2000
678 1097
679
680 2326
681
682
683 1845
684
685 1132 367 438
686 1894 679
687 1808
688
689 1116 1584 502
690
691
692 1161 255 2033
693 773 1578 2027
694 1662
695 1960
696 1420
697 1770
698
699 440 2021
700
701 1929
702 380 1186
703 1431
704 2443 950
705
706 2250
707
708 1347 717
709
710 1438
711 1880
712
713 1576
714 1287
715 1014
716 139 903
717
718 1328
719 144 574 859 1141
720
721
722 2479
723 97 1542
724
725 1956 1491
726
727 1348 835
728 709
729 1721
730
731
732 892
733
734 2388
735
736 1838
737
738
739 1233
740
741
742
743 2236 2386 788
744 227 1174
745
746 484 1276 1580
747
748 596
749 2469
750
751 55
752
753
754
755 413
756 1389
757 2487
758 1984 2227
759 1170
760 6 1243 852
761
762 212
763 2321 1972 1407
764
765 76
766 226 2261
767
768 189 2357
769
770 1275
771
772
773 1045
774
775
776
777 1886
778 1537
779
780
781 179
782
783
784 2332
785 1454 1706
786 1554 1150 1677 2279
787 2008
788 1752
789 1336 349
790
791
792 648
793 2370
794 2184
795 2477
796 405 684 900 2266
797 1561
798
799 1728 921
800 987
801 125 157 1085
802
803
804
805 490 1494
806 1954 2397
807 311
808 2031
809
810 483 291 914
811 1360
812
813 884 2354
814 298
815 1829 1086 2421
816 2420
817
818
819
820 690 829
821
822
823 472
824 1860
825
826 896
827
828 1849
829 2402
830
831 474 1996 1136
832 98 2030
833
834 2481
835
836 1138
837 2073
838 1971 862
839
840 1513
841
842
843
844
845 175 906 1617
846 2017
847 31 37 518
848 190 526
849
850
851 1020 1586
852
853 1767 941 1156
854
855
856 2495
857 3 961
858 74
859 2347
860 1415
861
862
863 821
864
865 682
866 2131 2040
867 1692
868
869
870
871 1466
872 2471
873 2215 165
874
875 2453 1439 2216
876 238 1053 1222 1079
877 2260
878 95
879
880 62
881 1451
882 2038
883 1321
884 312 1885 1181 1398
885 1265 2394
886
887 2166 1748
888 2300 332 811 1741
889 2297
890 449
891
892 23 1098 2176
893 2413
894
895 408 1945
896 293 2418
897
898 1213
899 628
900 2064
901 406 282
902
903
904
905 572
906
907 154
908 1598 963 2457
909
910 290
911
912 2338 2195
913
914
915 2437 1755
916 873 696
917 168
918 358 508 769
919 2068
920 937 2417
921
922 85
923 2142
924 1055
925 778
926
927
928
929
930 1729
931 894
932
933 1046
934 475 879
935 2368
936 535
937 2071
938 2352 397 712
939
940 1545 1496
941 1844
942 2062
943 774
944
945
946
947 805 2178
948 1985 1742 1114 1264
949
950 752
951 12
952
953
954 1976
955
956 494
957
958 2185 944 1049 2146
959 134 1104 1067
960
961 2342
962 1450 1631
963
964
965 1063
966 671
967 470
968 1573
969 1206
970
971 2150
972
973
974 279
975 219 2066 2085
976 2432
977 132
978 1967 108
979
980
981
982 1833
983 1974
984
985 2160 414 2430
986
987
988
989 2135 2165
990
991
992
993
994 381
995 2043 1535 2213 1873
996
997 1797
998 545
999 331 1113
1000 1879 1052
1001 2358
1002 222
1003
1004
1005 1241
1006 1892 118 469
1007
1008
1009 364 2010 1589
1010 1335
1011 459
1012 1297 1229
1013 1009 391
1014
1015 755 2125
1016 947
1017 665
1018 657
1019
1020 2141
1021 959 2054
1022
1023
1024
1025 283 1309
1026 2009
1027
1028 2086 1032
1029 908
1030
1031 370 1718
1032 536 1307
1033
1034 337 1657
1035
1036 451
1037 1187
1038 1177
1039
1040
1041 618
1042 916 722
1043
1044 537 1736
1045
1046 2199 779 2335
1047
1048 601
1049
1050 275 385
1051
1052
1053 557 352 388
1054 1771 1600
1055 204
1056
1057
1058 473 798
1059 1216
1060 1272
1061 27 2034
1062 246
1063 831 1901
1064 1144
1065
1066 922
1067
1068
1069
1070
1071 1148
1072 2283
1073 355
1074 1916
1075 1628
1076 2118 497 1516 707
1077
1078 1816
1079
1080
1081 120 654
1082
1083
1084 1934 560
1085
1086
1087 1594
1088 716 184 1051 1448
1089
1090
1091 2120 1291
1092 741
1093
1094 363
1095
1096
1097 2045
1098 1074
1099
1100 1123
1101 2287
1102
1103 838
1104 770 2307
1105 895 1323
1106 1165 1090
1107
1108 556
1109 734
1110
1111 1621
1112 453
1113 920
1114
1115 1702 1737 1544
1116 1121
1117
1118 1038 1734
1119 2047 2433
1120
1121 1152
1122
1123
1124 1619 1166 1837
1125
1126
1127 2147
1128
1129
1130 2355
1131 2037 75
1132 1373
1133 813 655 940
1134 89
1135 1993
1136 1510
1137 286
1138 1225 44 1485
1139
1140 61 1743
1141 1543
1142 1569
1143 1811 1517
1144 1577
1145 978 550 1489 1980
1146
1147
1148 28 2076
1149 1054 911 1326
1150
1151 300 1371 530
1152 2316 814
1153 1088 889
1154 287
1155
1156 320 2183
1157 94 1560 706 1220
1158 1912 1005
1159
1160 1440
1161 419
1162 1332
1163 776
1164
1165 1822 886
1166 1365 1988
1167 1670 1614
1168 464
1169 1520
1170 1861
1171 2441 1570
1172 2241 1374 1024
1173 875
1174 491
1175
1176 479 296 1804
1177 2448
1178 816 1715 1889
1179 651
1180 2026
1181 1278 1719
1182 1958 1754 334
1183 128
1184
1185 1182
1186 885
1187
1188
1189
1190 365
1191 1425
1192 1325
1193 294 68 1203 2192
1194 1399
1195 1128
1196
1197 2134
1198
1199
1200
1201 652
1202 220
1203 77
1204
1205 1178
1206 2057 136
1207 2343
1208 1524
1209
1210 59
1211 1854
1212
1213 876 1812
1214
1215
1216 766 1492
1217 2048
1218 1357
1219 43 2197 2059
1220
1221 685
1222 555 1281
1223 847 856 49
1224 1667 42
1225 30
1226 1392 458
1227
1228 1408 1312 1753
1229
1230
1231 953 1856
1232
1233 2459
1234 1825
1235 982
1236 789 1552 1898
1237 931
1238
1239 1061 1115 463
1240 1575 1632
1241 333 592 1164 1848
1242 1363
1243 645
1244 2219
1245 1026
1246
1247 698 1549
1248 1597
1249 2217 1523
1250
1251
1252
1253 1695 1783
1254 2367 1789
1255
1256 2267
1257
1258 607
1259
1260
1261 443
1262 2177 1640 1652
1263
1264
1265
1266
1267 1564
1268 1293
1269 1506 418 943
1270 310
1271
1272 1084 2285
1273 946 1647
1274 2312
1275
1276
1277 1914
1278 442 1317 1624
1279
1280
1281 667 775
1282
1283 404
1284 259 196
1285 992
1286 326 2194
1287 2020
1288 760
1289 956 84
1290 2351 1316 441
1291
1292 70
1293 1940
1294 1666
1295 1208 1372
1296 1391
1297 476 993
1298 411
1299 1356 356
1300
1301
1302 1732 1436
1303
1304 201
1305 1302
1306 2089
1307
1308 373
1309 1295
1310 177 481 542
1311 1824 11 1379
1312
1313 186
1314 1016
1315 1169
1316 1072
1317
1318 767 1285
1319
1320 870
1321
1322
1323
1324 1620 1723
1325 107 133 240
1326
1327
1328 2007
1329 584
1330
1331
1332
1333 2069 909 1366
1334 582
1335 339 540
1336 1813
1337
1338 1698
1339
1340 619
1341 102 1654
1342 480
1343
1344
1345 1073 930
1346 554
1347 2201
1348 1210 1259
1349 292 761
1350 2137 2094 2196
1351
1352
1353 466 1230
1354 1660 499
1355
1356 1501 2446 1799
1357
1358 1151
1359 228
1360
1361
1362 2263
1363 1129
1364
1365
1366
1367 2074
1368
1369 1738 1445
1370 1596
1371 2375
1372 1735
1373 1253 1102 2408
1374 182
1375 727 705
1376 700
1377 1058
1378
1379 604
1380
1381 620 2173
1382
1383
1384
1385 148
1386 890 2001
1387 1852
1388 398 1209 1969
1389
1390
1391 1946
1392 50 1585 693 1231 1343
1393 1254 958
1394 32
1395
1396
1397 142 429
1398 742
1399 1271
1400 1582 2029
1401 781 1143
1402 71
1403 2239
1404 48 1167 678
1405 1376
1406 1635
1407
1408 1311
1409
1410 2035 447
1411 2391 1726
1412 1459
1413
1414
1415
1416 786 149 980 2396
1417 1515 2372
1418 559 2295
1419 150 994 1775
1420
1421 1562
1422 256 1120
1423 1057
1424
1425 2485 546
1426 1388 1593
1427 1292
1428 915 1953
1429 1694
1430 626
1431 1428
1432
1433 719 2339
1434
1435 1146 2496
1436
1437
1438 1139 1634
1439
1440 2024
1441 1411 1928 496 1248
1442
1443 1704 1874 1479
1444
1445
1446
1447
1448
1449 2414
1450 1866
1451
1452
1453
1454
1455 1625 880
1456 1384
1457 523
1458 10 1235 2175
1459 1031 2023
1460 72 923 2170
1461 662 1623 624
1462 1458 1467
1463 1830 902
1464 858
1465
1466 1130
1467
1468 40 1819
1469 2249 1099
1470 7 2444
1471 740
1472 2282
1473
1474
1475
1476 2363
1477 1994
1478 633
1479 2181
1480 673
1481 783
1482 571
1483
1484 160
1485
1486
1487 1638 616
1488 2480 1419 1905 1792 2467
1489
1490
1491 954
1492 2253 2348 2129
1493 2463
1494
1495 1226 501
1496 1952
1497
1498 1219 1457
1499
1500
1501 1936 2157
1502 543
1503
1504 1044 840
1505 772
1506 758
1507 1211
1508 1036
1509 1394 178 677
1510 346
1511 1093
1512 434
1513 1375 130 799 793
1514
1515 1393
1516 660
1517 1872 1784
1518
1519 1521 1649
1520 1476
1521 785
1522
1523
1524 402
1525 1082
1526 1468 399
1527
1528 1555
1529 605 2058
1530
1531
1532
1533 1687 2294
1534
1535 1289 1756 1483
1536
1537 208 1587
1538 1228 2314
1539
1540 999 861
1541 962
1542
1543
1544
1545 986 1696
1546 307 1449
1547
1548 1957 2084 2180
1549 2112
1550 2489 2221
1551
1552
1553 100 2046
1554 329
1555
1556
1557 138 1541 2310
1558
1559 759
1560 135
1561
1562 1891
1563 1622 1871 2382 1094 681
1564 806 1626
1565
1566 400
1567
1568 2182
1569
1570
1571
1572 1039
1573
1574 1341
1575 437 1868
1576
1577
1578
1579
1580
1581 659 1864
1582
1583 306 1280
1584 1998
1585 1308
1586 827 1477 2014
1587
1588
1589 1107 1795 2161
1590 1533 1740
1591 878 1452 2055
1592
1593 383 435
1594
1595 1078
1596 1246
1597 2124
1598 2189
1599
1600
1601
1602
1603
1604 2211
1605 2270
1606 2362
1607 1908
1608 918
1609
1610
1611 2434
1612 1781 1567
1613 335 1997
1614 580
1615
1616
1617
1618 832
1619 1397
1620
1621 261 1035
1622 341 1386 1260
1623 207 2461
1624
1625 597 2425
1626
1627
1628 1418 1383
1629
1630 1244
1631
1632
1633 2393
1634
1635 2281 213 1859 1759
1636 1224 1157
1637
1638 273
1639 323
1640
1641 225
1642 492
1643
1644 531 1669
1645
1646 1581
1647
1648 882 1142
1649
1650 529 1353
1651 2445
1652
1653 1003
1654 1056
1655
1656 1498 733
1657 1785
1658 2486
1659
1660 2140
1661
1662 452 534 2308
1663
1664
1665 650
1666 99
1667 5
1668
1669
1670 444 1798
1671
1672 254 2248
1673 1935
1674 1810 1387
1675 579 808
1676 93
1677
1678
1679 1846
1680 2255
1681 1381
1682 910
1683
1684 342
1685
1686 198 1112 1437 2171
1687 431
1688 966
1689 103 2371
1690
1691
1692
1693 1239 2464
1694
1695 482 2387
1696
1697 541
1698
1699 812
1700
1701 1042
1702 948 983
1703
1704 1048 666
1705 965 258
1706
1707
1708 1173
1709 2324
1710 24
1711
1712 2207
1713 210
1714
1715
1716
1717 161
1718 695
1719 2072 1925
1720
1721 1137
1722 2004 2458
1723
1724 409
1725
1726 1273
1727
1728 548
1729 1413
1730 2309 795
1731
1732 221
1733 2016
1734 952
1735 1047 1514
1736
1737 1064
1738 462
1739
1740 1212 1610
1741
1742 467
1743 1163 1227 2186
1744
1745
1746 264 2366
1747 9
1748 2403
1749 217
1750 1303
1751
1752 818
1753
1754 2087
1755 1906
1756 2447
1757
1758 344
1759 642
1760
1761
1762
1763
1764
1765 753
1766 1158 1918 1015
1767 938 428 1125
1768 180 2210
1769
1770
1771 1778 1040 1175
1772
1773
1774 1081 2465
1775 1421 2090
1776
1777 724
1778 608
1779
1780 1609
1781 445
1782 1853 1069
1783
1784
1785 1007 1839
1786
1787
1788
1789
1790
1791
1792
1793
1794 1188
1795
1796 309 415
1797
1798 513
1799
1800 2276 1714
1801
1802 1553
1803 92 1673
1804 1863
1805
1806 1550
1807
1808 1827
1809
1810 972
1811 45
1812 1330
1813 1262
1814 56 1364
1815
1816 830
1817
1818 563
1819 1605
1820 1066 2154
1821 1964
1822 2472 377 1400
1823 538 1369
1824 1495
1825 2435 1923
1826 389 2013 1982
1827
1828 951 1124 1043
1829 746 1776
1830 2244 1002 1999
1831 1989
1832 503
1833 2483 639 850
1834 1089
1835 127
1836 703 299 423
1837
1838 960
1839
1840 2271 2442
1841 581 1655
1842
1843 1305
1844 702 2359
1845 718
1846 1603 1690
1847
1848
1849 1978
1850 1727
1851
1852
1853 1011 1700
1854
1855 58 2119
1856
1857
1858 1828 1034 424 1424
1859 796 2006
1860 2411
1861 2102
1862 1382 1903
1863
1864
1865 2475 615 2384
1866 708
1867 506
1868
1869 1881 553 663
1870
1871 244
1872 971
1873 426
1874 162 1409
1875 2320
1876 214
1877 2070
1878
1879 140
1880 1507
1881 552
1882 1981 2304
1883
1884 1199
1885 60
1886 354
1887 2494
1888
1889
1890 64 396 641
1891
1892 46 520 1604
1893
1894 247 1434
1895 1595
1896 1218
1897 942
1898 1769
1899 260 2155
1900 2468 522
1901 1238
1902
1903
1904 1803 2284
1905 2105 1807
1906 216 1390
1907 1179
1908 159
1909 1346
1910 2049
1911 1204
1912 91 737 1263
1913 1697 1887 913
1914
1915 1855
1916 394
1917
1918 1484
1919
1920
1921
1922 251
1923 904
1924 881 1527
1925
1926 280
1927 2067 2188
1928 661
1929 2116
1930 1435
1931
1932
1933
1934 905 2265
1935
1936 2109 869
1937 1931
1938
1939
1940
1941
1942
1943 2193
1944
1945
1946 1377
1947
1948 2406 551
1949 360 1821
1950 2022
1951 1306
1952
1953 1361
1954 989
1955
1956 2378 2144 2133
1957 2431
1958 347 340 2065 1154
1959 1548 692 1019
1960 1493
1961 995 521
1962 106
1963 1701
1964 1322
1965 2289
1966 1358 2478
1967 1028 1683
1968
1969
1970 1126
1971 1705 1153 1644
1972 417
1973 1686 288 2404
1974
1975 991
1976 1646
1977
1978 569
1979 384 460
1980
1981 350
1982
1983
1984 1566 996
1985 82
1986 1745
1987 1197
1988
1989 833
1990 2313
1991
1992 1932
1993 887 1191
1994
1995 1463 1907
1996 2243 191
1997
1998 1684
1999 2041
2000 2242
2001 868
2002 1025
2003
2004 1410 1339
2005 1938
2006
2007
2008
2009 512 2460 289
2010 1869
2011 1417 558 2365
2012 1 2290
2013 1801
2014
2015 343
2016 1277
2017
2018 1877
2019 1318
2020 2012 209 1920
2021
2022 151
2023 1215
2024
2025 2298 66
2026 2286 302
2027
2028
2029
2030 1023 2208
2031 1850
2032 1117
2033 1608
2034
2035 1223 762
2036 1105 2032
2037 689
2038
2039
2040
2041
2042 2329
2043 857
2044
2045
2046
2047
2048
2049 1682 2322 1948 797 1663
2050 2114 1030 1368
2051 1314 1992
2052 1650 2080
2053 668
2054
2055
2056 14 1001 271
2057 1899 936
2058
2059 2456
2060 853
2061
2062 1283 524
2063 609 1834
2064 2440
2065 1062
2066 1018
2067 386
2068
2069 1633
2070
2071 351
2072 919
2073
2074 583 1294 137
2075
2076
2077
2078
2079
2080
2081 321
2082
2083 1192 359
2084 631 1160 2291
2085
2086 2127 432 1432
2087 105 376 1095
2088
2089 872
2090 1773
2091
2092 1247
2093 369
2094 156
2095
2096 455
2097 1820
2098 1823 2416
2099 146
2100 1370
2101 625
2102 1337
2103 2163
2104
2105 988
2106 1750
2107
2108
2109 422
2110 1772
2111 390 901 587
2112
2113
2114 124
2115 2230
2116 2251
2117
2118 172
2119
2120 232
2121 594
2122 1572
2123
2124
2125
2126 1763
2127 2349
2128
2129 1878
2130
2131 809 1250 1556
2132
2133
2134 1922
2135 253 1615
2136 2419 1301
2137 63 336 1939
2138 1256
2139
2140 223
2141 338 1888 2061
2142 1110
2143 926 1679
2144 1800 1359 2482
2145
2146
2147 1111
2148
2149 1385
2150
2151
2152
2153 617 401 2474
2154 1840
2155
2156 185 1403
2157 1029
2158
2159 893
2160 83
2161
2162
2163 1951 2424
2164
2165
2166 1193 867
2167
2168 1712 585
2169
2170
2171
2172 1924
2173
2174 1106
2175
2176
2177 576 1563
2178
2179 248 2331
2180
2181
2182 1490
2183 1395
2184
2185 1841 588
2186
2187
2188
2189 688
2190
2191
2192
2193 1579
2194 1991
2195 2235
2196
2197 2122
2198 1050 2337
2199 935 1658
2200
2201 710
2202 1185
2203
2204 1540 711
2205 672 1022
2206
2207 412 2005
2208
2209 2277
2210
2211
2212 318
2213 564
2214
2215 1502
2216
2217 792 2336 1017
2218 2159
2219 1831
2220
2221
2222 25
2223
2224
2225 2452
2226
2227
2228 368 348 1232
2229 379
2230 790
2231 622 2423
2232 21 114 686
2233 1258
2234
2235
2236 1441 1890
2237 1760
2238 2101
2239
2240 361
2241 1858 2278
2242 729
2243 2491
2244 211 468
2245 471
2246
2247 1532 2139
2248
2249 635 117
2250 158
2251 2466
2252 403 1809
2253 998
2254
2255
2256
2257 647
2258
2259 215 1708 2462
2260 1902
2261 1699
2262 1530
2263 646
2264
2265
2266 2379
2267
2268 826 747
2269
2270
2271 314
2272
2273 446 1943
2274 1565
2275 16 1689 2484
2276 593
2277 595
2278 1987
2279
2280 1955
2281 1010 2099 164 1616
2282 1176
2283 636
2284 927 1447
2285 504
2286 725 2191
2287 2405 387
2288 235 787
2289
2290 505
2291 1500
2292 1008 2158
2293 448 1279 2152
2294
2295
2296
2297
2298 36 782
2299
2300 516
2301 131 1749 2226
2302 1354 2240 362
2303 1529 1362 1033
2304
2305 1643 2018
2306 1221 2115 1378
2307 1266
2308 1744
2309 2401 720 1791
2310 2272
2311 1661
2312
2313
2314
2315
2316 57 1648
2317
2318
2319 2079
2320 1472
2321 732
2322 1367
2323
2324 170 1464
2325 489
2326 549
2327 1590
2328 38 699
2329 153
2330
2331 1685
2332
2333 1857
2334 2050
2335
2336 1675 2078
2337 1733
2338 231
2339
2340 224
2341
2342 86 1559
2343
2344
2345
2346 1959 939
2347
2348 1787
2349 371
2350 1678
2351 967
2352 1963 2200
2353
2354 345 562
2355
2356 1202
2357
2358 1135
2359
2360 1404
2361 1261
2362
2363
2364 1455 1805
2365 1651
2366
2367 917 1429 1790
2368 969 1012
2369 242 527
2370 1327
2371
2372
2373
2374 2231 803
2375 295
2376 933 1313 1300
2377
2378 147 632
2379
2380 284 485 509 675
2381 1119
2382 308
2383
2384 949
2385 2245
2386 765
2387 2498
2388 1865 2346 2323
2389 1041
2390
2391 17 249 2499
2392 2212
2393 500 1883
2394
2395
2396
2397
2398 2104
2399 1249 578 2390
2400 2052 1911
2401 599 488 2107
2402
2403
2404
2405 1979
2406 2097 112 187 262
2407
2408 1453
2409 1536
2410
2411 495
2412
2413
2414
2415
2416
2417
2418
2419 955
2420
2421
2422
2423 2229 1913
2424 1921
2425 1826 425
2426
2427
2428
2429
2430 493
2431 2015 1611
2432
2433
2434
2435 1108
2436 245 612 849
2437 511 374 883 1653
2438 644
2439
2440 1777
2441 2252
2442
2443 1713
2444
2445
2446 871
2447 272 169
2448 687
2449
2450 525
2451 324
2452 1504 181
2453 630
2454 111 486 547
2455
2456
2457
2458
2459 167 2293 691 990 2490
2460 1426
2461 1234 2128
2462 1725
2463 757 1944
2464 1207
2465 771
2466
2467
2468 263
2469 532 2204 1739 2028 2345
2470 1196
2471 53
2472 1422 1768
2473
2474
2475 477
2476
2477 2311
2478 171
2479
2480 1836
2481 1814 1627
2482
2483 322
2484
2485 925 750
2486 2172
2487 1092
2488 1329
2489 1242
2490 1465
2491 1747 457
2492 454 1251 2427
2493 1893 2203
2494 2051
2495 2257 907 1926
2496 1671 1937
2497 1966
2498 33 575
2499 2410
