#/n/fs/ragr-research/projects/fastppm-data/bin/simulate.py --mutations 100 --samples 3 --coverage 30 --seed 5 --output sim
# GMT Sun Oct 13 15:00:03 2024
# 
0 71 40 22 70
1 23
2
3 44
4 56
5 20
6
7 41
8
9
10 64 17
11
12
13 14
14 46
15 81 82
16
17
18 98
19 24
20 54
21 45 52 57
22 87
23 51 55
24
25 53
26
27 86
28
29
30
31 95
32 92
33 80
34 26 30 88
35
36 65
37 62 76
38
39 84 79
40 31
41 12 72
42 9
43
44
45 68 27 47
46
47 89
48 8
49 25
50 2 36 91
51 50
52 97
53 16
54
55 93 39 49
56
57
58
59 35
60 58
61 5
62 69
63 42
64 21
65
66 74
67 29 73
68 66
69 10 38 77
70 43
71 1 37 99 15 96
72
73
74 4 59
75
76
77
78 75
79 33
80
81 6 83
82 18 85
83
84 7
85 13
86 19 67 90
87
88 60
89 28
90
91
92 11 34
93 3 63
94 61 78
95 48
96
97
98 32
99 94
