#/Users/schmidt73/Desktop/fastppm-data/bin/simulate.py --mutations 500 --samples 3 --coverage 100 --seed 17 --output sim
# GMT Fri Sep 13 14:24:56 2024
# 
0 354 484 482
1
2 16
3
4
5
6 423
7
8
9 376
10 25
11
12 139
13
14
15 407 178 461
16
17
18 250
19 7
20
21 276 392 499
22 18 93 404
23
24 372
25 158
26 357 110
27 69
28 211 79
29 231
30 21
31 255 417
32
33 67
34 45
35 369 329
36
37
38 193 302
39 422 300
40 153
41 274
42 374
43 489
44
45
46
47 412 130
48
49 14
50
51 187
52 233
53 297
54 119 15 288 359
55 4 121 81 343
56 473 199
57
58
59 370 47
60 203
61 35 246
62 426
63 61
64 336 289
65 483 428
66 430
67 5 29
68
69 236
70 361 154
71
72
73
74 290 205 331
75 57
76 425
77 279
78
79 260
80 86
81 498 160
82 346 174
83 378
84
85 492 307 381
86 421
87
88 179
89 48 114
90 242
91 433 455
92 3
93 64 414
94
95 74
96
97
98 167
99
100 332
101 97
102 239
103 262
104 367
105
106
107 78
108
109 13 266 249
110 241
111 24 83 441
112
113 17 358
114
115 234
116 137 222
117
118
119 497
120
121 475
122 451
123
124 156
125
126
127
128 107 157
129
130 133
131
132 311 217 201
133
134 98 303
135 306
136 192
137 155 313 334
138
139 486 494
140
141 304
142 466 368
143
144 180
145 495 402
146
147 468
148 326
149
150 439
151 464
152
153 366
154 37
155 144
156 102 106 287
157
158 345 351 419
159 424
160 128
161 477 127
162
163 277
164 147 327 181 409
165
166 149 252
167
168 183
169 131
170 292 469 458
171 285 120
172 281
173 389 148
174
175
176 214
177 72 129 377
178
179 138
180 63 228
181
182 406
183
184
185 105
186
187
188 196 33 209
189 375
190
191 68
192
193
194
195 227 261 270 418
196 170 474 77 224 395 442
197 487
198 275 478 491
199 470
200
201
202
203 344
204 443
205 150
206 454
207
208 117
209 177
210
211 431
212 20
213
214 66
215 341
216
217 109
218 295
219 190
220 152
221
222 251
223
224 113 305
225
226
227 444 413
228
229 432 123
230 318 328
231
232 388
233 44
234 462
235
236
237
238 54 208
239
240 9
241 36
242 399
243 12 213 387
244 352 140
245
246 436
247 316
248
249 347
250 271
251 10
252
253
254 308
255 312 286 403
256 11
257 496 225
258 319
259 463 472
260
261 450
262 195 206
263 394
264
265
266 58 71
267
268
269
270
271
272
273
274 309
275
276 310
277
278
279 447
280 122
281
282 385 420 31 348
283 99
284 32
285 151 85 373
286 284 247
287
288
289
290 19
291
292 116 396 141 272
293 143 159 397
294 2 96
295 479 416
296 92 39 362
297 340
298
299
300
301
302
303 321
304 283
305 364
306 171
307 101
308 465 173 253
309 59
310 142
311 317
312 259 80
313 325
314
315 38
316 480
317 282 91 216 467
318 125
319 70 390 481
320
321
322 165
323 437 476
324 28 169
325
326
327 185
328 172 314
329
330
331 410
332
333 55 263
334 398
335
336 184
337
338
339 52
340
341 49
342 380 456
343 264 298
344 212 230 427
345 84 88 219
346 204 445
347
348 299
349 46
350 320 411
351
352 161 168
353 490
354 218 189
355 26 200 226
356
357 215
358
359
360 488
361 30
362 371
363 294
364 438
365
366
367
368
369 363
370 258
371
372 8 257
373 273
374 356
375
376
377 235
378 434
379 400
380 132
381
382 82 210
383
384 337
385 188 360
386
387
388
389 145 51 322
390 34
391 315
392 186
393 391
394 126 269 350
395 89
396 95 453
397 265
398
399 27
400 43
401 124
402 73
403 104
404 136
405 202
406 393 40 162 232 384
407 382 405
408
409 221 267
410
411 335
412 191 198
413
414 440 408
415
416 175
417 268 485
418
419
420 6 245
421 176 401
422 207 237
423
424
425
426 278
427
428
429 244 355 115
430 94
431 256 459 471
432 135
433
434
435
436
437 240 383
438
439 194
440 134 118 146
441
442
443 166
444 324 338
445
446
447 429
448 296
449
450 330
451 238
452 333
453 446
454
455
456 50 460
457
458
459 100 248 415
460 223
461
462
463 323
464 379 75 293
465 243
466 342 493
467
468 90
469 435
470 53 108
471
472
473 280
474 448 56 353
475 339
476
477 103 60
478
479 1
480
481
482 197 182
483 41 349 449
484 65
485
486 452
487 164 163
488 42
489
490 22
491
492 87 112 386
493 111 23
494 291
495 229
496 220 301 365
497 254
498 62 76
499 457
