#/n/fs/ragr-research/projects/fastppm-data/bin/simulate.py --mutations 500 --samples 3 --coverage 1000 --seed 19 --output sim
# GMT Sun Oct 13 15:00:42 2024
# 
0 105 333
1 422 215
2 136
3 62
4 285
5 498
6
7 364
8 338 207 269
9
10 439
11 145 132 368
12 70 152
13
14
15 46
16 203 360
17 293
18 5
19 321 68 226 499
20 455
21 64 157
22
23 144 406
24
25 81
26
27 6 199
28
29 90
30 193
31 427 247
32 389 94
33 106
34
35 258
36
37 490 201 86 472
38
39
40 17
41
42
43
44 242 83 219
45 30
46 296 38
47
48 393 447
49
50 385
51
52 231
53
54 454
55
56 125 217
57
58
59 159 309 67 342 79 87 363
60
61
62 137
63
64 4 140
65 111 304 354
66 195
67 54 292
68 479
69 336
70 345
71 432 24 322 97
72 253
73
74 353
75
76
77 372
78
79
80 317
81 204
82
83 225
84
85 425 166 416
86
87
88 222 482
89 327
90 300
91 335 165 266
92
93 250
94
95 249
96 301
97
98 71 428
99 308 331
100 229 344
101 467
102 465
103
104 7 399
105 476
106 468 401
107
108 211
109 391
110 121 123
111
112 463 57 295
113 42
114 424
115
116 29 404
117
118
119
120
121
122 114
123
124 209
125 59
126
127
128 14 320
129
130 326 235 100
131 413
132
133 197 306
134
135 214 151
136
137 155
138
139 58
140
141 45 99 179
142 213 257
143
144 49
145 72
146
147
148
149 281 459
150 435 146 274
151 371
152
153
154
155 92 457
156
157
158 27 276
159 286
160
161 245 291 323
162
163 312
164
165
166
167
168
169 31 82
170 386 362
171 122
172 77
173 392 420
174 9
175 52 395
176 75
177 51
178
179
180
181 80 167 194 466
182 35
183 277 315
184
185
186 129
187 494 429
188 43
189
190 375
191
192
193 160 377
194
195 141 370
196
197 78 270
198
199 329 469
200 23
201 208 443
202
203 93
204 98
205 294 330
206 297
207 117
208 181 41
209 12 307
210 1
211
212 161 110 240
213
214 431 8 178
215 252
216 162 334
217
218 475
219
220
221 18 349
222 66 173 289
223
224 440
225
226
227 21 126
228 272 61 138
229
230 246
231 284
232 436
233
234 183 398
235 2 85 430
236 350 474
237 265
238 426
239
240
241 311 205
242 101 488
243 53 108 451 324
244 11 310
245 170 303
246
247
248 419
249 112 477 464 239 462
250
251 486
252
253
254 116 379
255
256 241
257
258
259 417 109 409
260
261 223 445
262 347
263 403 441
264 254
265 88 150 96
266
267 115
268
269 421
270 481
271 191
272 44
273
274
275 381 73
276
277 259
278 192 473
279 460 268
280 10 313
281 339 365
282 118
283 224 156
284 390
285 149
286 221 153
287 388
288
289 220
290
291 169
292
293 374
294 352
295
296 369 251 446
297 280 383 433 485
298 130 164
299 124
300 102
301 346
302 495
303
304
305 319 496
306
307 489
308 185 262
309 341 237
310
311 278 305
312
313 256
314
315 367
316 337
317 244 107 450
318
319
320 405
321 113
322 50
323
324
325 139 271
326 480 15 356 13 16 282
327 366
328
329 216
330
331
332 437 497
333 442
334
335 65
336 343
337 408
338 402 172 332 423
339 32
340 147
341 283
342 175 148 415 418
343 456
344
345 19
346
347 492
348
349 182
350 264
351 3
352 483
353 128 461
354
355
356 104 119 380
357
358 355 434
359 28
360 260
361 238 177
362
363 89
364 198
365
366
367
368
369 227 218
370
371
372 133
373
374 56 316
375 414
376 188 63
377 448
378
379
380
381 361 493
382 351
383 458
384 103
385 127 230
386 206 302 470
387
388
389 452 48 407
390 236
391 261
392
393 174 387
394 84
395 394 378 478
396 298 340
397 176
398 484 142 202
399
400 91
401
402 60 397 76
403 233
404 438
405
406
407 359
408
409
410 275 318 358
411
412 69 411
413 357
414 212
415 154
416
417 228 163
418
419 22 189
420
421
422 299
423
424
425 143
426 39
427 26
428 186
429 200 168
430 180
431 190 255 314
432 382
433
434
435 234
436
437 263
438
439 25 288
440 158
441
442 33
443
444 328
445
446
447
448
449
450 232
451 287
452 135 491
453 396
454 20 34 36
455
456 376 47 290
457
458 449
459 74
460 95 248 325
461
462 273
463 210
464 184
465
466
467 243 348
468 412 444 373
469
470 196
471
472 471
473
474
475
476 453
477 384
478
479 55 400
480 37
481
482
483
484 487
485
486
487 120
488 267 134
489
490 279 131
491 187
492
493
494 40
495 410
496
497
498 171
499
