#/n/fs/ragr-research/projects/fastppm-data/bin/simulate.py --mutations 2500 --samples 3 --coverage 1000 --seed 11 --output sim
# GMT Sun Oct 13 15:07:51 2024
# 
0 1503 1261 1494
1
2
3 1518
4 1255
5
6
7 368
8
9 61
10 822
11
12
13 223 2006
14
15
16
17 108
18
19 2466
20
21 2248 1661 2433
22 242
23 1393 1842
24
25 323 847
26
27
28 1799
29 2175
30
31 899 2017
32 610 1362
33 2191
34 926
35 1835 2246 2224 2489
36 1102 279 2274
37 2298 817
38 1550 1450
39
40 1846
41
42 236 948
43 659
44 1618
45 2424 1138
46 2013
47 1405
48 2468
49 2422
50 1214 367
51 1190
52 2395
53
54 1604 1689
55
56 1120
57 765
58 1651
59 1383
60
61 2326 15 79 431 2310
62
63 1636
64
65 1319 1595 2486
66
67 104 1208
68 568
69
70
71
72
73 1222
74 830 2273
75 2346
76
77
78
79 399 1997
80 2465 1401
81 128
82 2218
83 795 1730
84
85 2256
86 436 1779
87 1554 1499
88 41 447 1007
89 2398
90 2367
91 272 1017
92 1531
93 790 2018
94
95
96 13 990
97 1163
98
99
100
101
102
103
104 1930
105 282 2370
106 1175
107
108 2264
109
110 1589 2067
111
112 1626
113 2484
114
115 2425
116 908
117
118 740 523 668
119
120
121
122
123
124
125 398 1397
126
127 1108
128 299 2171
129 770 2260
130 998
131 469
132
133 261
134
135
136 1210
137 2120
138 2306
139
140 2420 2375
141
142 2334
143 1071
144 1427
145
146
147 827
148 888
149 879 336 957
150
151 964
152
153 510
154 1416
155 396
156 1580
157 1963
158
159 2356
160
161 1297
162 1147
163
164 613 456
165 576 1287
166 357
167
168 800
169
170
171 1432 360
172 388 1127
173 1158
174
175 594 1948
176 2042
177 1192
178 1343
179 309
180 203 906
181
182
183 995
184 1886
185
186
187 2069
188 81
189 20 1109
190
191 789
192 1758 502 2267
193 1026 978 2016
194 1620
195 1324
196
197
198 1642 1375
199 1475
200 1394 2208
201 2155
202
203
204
205 1194 1196
206 929
207 2148
208 748
209
210 2300 856
211
212 1329
213 1945
214 1199
215
216 57 832 1768 2142
217 2322
218
219 1529
220 641
221
222 2432
223 275
224 1676 933
225 2338
226 714
227
228 84 1440
229 2239 1586
230 2085
231
232
233
234
235
236 63
237 270
238 2230 1433
239 202
240 1862 1082 2303
241 188
242 204
243
244 1577 537 1705
245 416
246
247
248
249
250
251 28 1955
252
253 984
254 1464 284
255
256 1035
257
258 2397
259 5 2377 2421 774
260 316 1741 635
261 325 670
262
263
264 939 914
265
266 2135
267 1696
268
269 378
270 346 1169
271 2280
272 197
273 2015
274
275
276 2219
277 2190 96 1283
278 1694
279 1816 143 1519 2441
280
281 1485 746 1634
282 2449 1597
283
284 1122
285 1646
286
287
288 1275
289 869
290 992 1669
291 2200
292 193
293 2203 702
294 1165
295
296 2337
297
298 2434
299 2220 1599
300 222 1856 2483
301 106 1087
302 1476
303
304
305 1089
306 1727
307
308 731
309 2292 283
310 534
311 2408 525
312
313
314
315 1240
316
317
318 17
319
320 274 394
321 1557 1688
322 2181
323
324 1382 365 1693 532
325 1004 1778
326
327
328 1305 2130
329 49 350
330
331 2068
332 2232
333 1897
334
335 1121
336 1592 2071
337 1239
338
339 169
340 2330 1496
341
342
343 617
344 1737
345 1662
346
347 982
348 2446 1524
349 1388 1262
350 446
351
352
353 955 1265
354 1573 781
355 1904
356
357 1685
358 208
359
360
361
362
363
364
365 71
366
367
368 1824
369
370
371
372 694
373 837
374
375
376
377 174 755 684
378
379 1014
380 499 289
381 1220 1875
382 897
383
384
385
386 1912
387
388 1066 652
389 122
390 664
391 2495
392 1679
393 943
394 1987
395 2266 209 1677
396 683
397 68
398 1278 1540
399 22
400
401 803
402 2074
403
404
405 32
406 970 328
407
408
409 1103
410
411 2474
412 21 2487
413 144 1151 1335
414 2321 979
415
416 2383
417 1145 1036 710
418 2124 1161 1489
419
420
421
422 657
423 89 1340
424 1724 85 835
425 1623
426 2409
427
428
429
430 167
431 2324 1457 198
432 1509
433
434
435 1970
436
437
438 170
439 526 313
440 2034
441 719
442
443 2497
444 514
445 9 802
446 2010
447
448
449 1195 228 1517
450 2268
451 708
452
453 119 1659
454 124 1756
455 1556
456 1953 294
457 439
458 1942
459 370 1497
460
461 773 200 1934
462 924
463
464 1290
465 251 788
466
467
468
469
470 2076
471 1049
472
473
474 2355 883
475 1929 347 1439
476
477 1784
478 2103
479 1902
480 263
481 723 1820
482 266 1451
483 259 1000
484
485 2024 1015 362
486
487
488
489 2204 2111
490 1201 1292
491 1293
492
493 1174
494 776
495 1910 1113
496 2335
497 389 1048
498 2059
499 1781 1834
500
501 1806
502 712
503
504 1538
505
506
507 1456
508 2182
509 680
510 1081
511 771
512
513 764 1800 1989
514 545
515 816
516
517 1808
518 1361 676 2159
519 889
520
521 592
522
523 2222
524 1413
525 1454 1751
526 277 1455
527
528 1547
529 825
530 733 2372
531
532
533 2020
534 2407
535
536 2368
537
538 2033
539 308
540
541
542
543 2118 2132
544 1522
545 1576
546
547 1093
548 729 556
549
550 42
551 533
552 2235 2095 1870
553
554 1610
555 179 1332 2127
556 1660
557 2040
558
559
560
561
562 1630 1135
563 1053 1829
564
565
566
567
568
569
570 474 1258
571 2245
572 27 1339 1821
573 2499 2079 2270
574 1230 2254 608
575 2379 486
576 1777
577 1609
578
579 1478 842
580 432 1546
581
582
583
584 449
585
586 92
587 241
588 1326 1736
589 2336 2404
590
591 2435
592 163 726
593 940
594
595 887
596
597 1445 301
598
599 877
600 2291
601 1173 2227
602 2048
603 504
604 1412
605 953
606
607 2134
608
609 333
610 2381 864
611
612 717
613 2410
614 1645
615
616 138 699 1572 2452
617
618
619
620
621
622 1717
623 100
624 287
625 1812 1735
626 165
627 1104 698
628
629
630 1994
631 1996
632
633 1232
634 936 1474
635
636 741 2357
637 2464
638
639
640 562 180 715 1606 2343
641 750 1837
642 2037
643 1750
644 495 507 769 963
645 1241
646
647 1692
648 1786
649 1739
650 2098
651 2445
652
653 2108 1762
654 1181
655
656
657 109
658
659 2158
660 334 1964 1968
661
662 351 2374
663
664 88 2070
665 1967
666 286
667 2285
668
669 376
670 727
671 34 1957 1065
672 490 2494
673 1941 1414
674
675 419
676
677 1366
678 1938 1859
679 917
680 925
681 185 1403
682
683
684 797
685
686
687
688 1648
689 221 826
690 647
691
692 478 2194
693
694 2453
695
696 1567 226
697
698 632
699
700 1064 269 1374 1976
701 1357
702
703 214 905
704 18 2265 968 2151 2475
705 1940 2243
706
707 326
708 1395 567 1740
709 1502 1272
710 1924
711 2207 1377
712 1681 140 965
713 2100
714 961 2197
715 573 682
716 1944
717 423 1687 1216
718 1
719
720 587 246 1012
721 65 48 2165 1277
722
723 2121 46
724 860
725
726 1434
727 238 2146
728 1171
729 442 2283
730 1638
731 471
732 2369 1023
733 1285
734 2485
735 1713
736 1527 751
737 980 1919
738
739 570
740 1373
741 2012
742 2261
743
744 229
745 136 2262
746 1965
747
748
749
750 121
751 1352
752
753 1691 1857
754 1565 78
755 2177 1695
756 141
757 1477
758
759
760
761 1345
762 1356
763 1672 2131
764
765 482
766
767 593 799
768 1370
769 674
770 76 1549 1536
771 1657 1607
772 1040 1738 1993
773 395
774
775 440 919
776 1881 217
777 318 1462 709 1747 1562
778 51
779
780 2471
781
782
783 452 1480
784 1839 2250
785
786
787
788 923
789
790
791 156
792 2036
793 1931
794
795 52
796
797
798
799
800 754 420
801
802
803 205
804
805 1992
806
807
808 1424 496 693
809 427
810 840
811 654
812 563
813
814 1506
815
816 1316
817
818 554
819 1286 1935
820
821
822 295
823 2259 675
824 1782
825 1488 2293
826
827 2019 601 1771 1268
828
829 602
830 2477
831 1680
832 661
833 876 159
834
835 2269
836
837 614 2022 498
838 836
839 2414
840
841 2353
842 1323
843 762
844 1011 2461
845
846 1178
847
848 1866
849 644 454
850 125
851 1095
852 1299
853 2066
854
855
856
857
858
859 1055
860 1845 2275
861 757
862 2393 1593
863 29 327
864 1814
865 1495
866
867 470
868
869 689 491
870
871
872 1251
873 1341
874 460 1070
875
876 302 519
877 1787
878
879 8 2396
880
881 2444
882
883
884 1418 2038
885 1858 2188
886 315
887
888 434
889
890 2290
891 6 271
892 329
893 1937
894
895
896
897 234 1936 1950
898 450
899
900
901
902 445 1256 1869
903
904
905 467
906
907 960 2189
908 1406 993
909
910 1039
911 1698 384
912
913
914
915 405
916 472 606 2467
917 605 1514 880
918 102
919
920 320
921
922
923 386
924 192 37
925 560
926 2365
927
928
929
930 430
931
932 2282 2140
933 529 1889
934 267
935 1148 1920
936 1032
937 1309 2236 1289
938 807
939 4 2456
940
941 385 2023
942
943 45 1916 2385
944 1608
945
946
947 1505 1774
948 314 609 1342
949
950 814 2028
951 2077
952 2315
953 69 2361
954 1974 1021
955 58 345
956 60
957 1242
958 1137 1746 2242
959 26
960 721 651 2150
961 2278 761
962 1069
963
964 1978
965
966 2078 1614
967 805
968 191
969 1075
970 1493 250
971 937 19 1876
972 1420 2436
973 300 2311 2392
974
975 1111 212
976
977
978 97
979 1894
980 1588
981 841
982
983 1473
984
985 1447 1160 728 1668
986 1398
987 82 441
988 1575
989 1773 296 1725
990 1581
991 479 2014
992
993
994 70
995 291 945
996 1613
997 1380 1706
998 1510
999
1000
1001
1002 30 1583
1003 2090 1853
1004 80
1005 1381 319
1006 739
1007 1732
1008 373
1009 1449
1010 553
1011
1012 1318 1385
1013
1014
1015 1344 779
1016 412
1017
1018 2443
1019
1020 600
1021 691
1022 848
1023
1024
1025
1026 846
1027 1769 2478
1028
1029 260
1030 148
1031
1032
1033
1034 67 944
1035 1211
1036 566
1037 118 2429
1038 1667
1039
1040 890 1649 268
1041 1615
1042 1670
1043 2115 1467
1044 213
1045
1046 255 1124
1047
1048 1836 927
1049
1050
1051 782
1052 422 278 861 784
1053 1763 178
1054
1055
1056 1417
1057 2231
1058
1059 2447
1060
1061 1152 1273
1062
1063 1114 184 639
1064 962 878
1065
1066 1136 2348
1067 53
1068 1794 1072 2418
1069 1185
1070
1071 2413 517
1072
1073 132 2451
1074 1807
1075 1813
1076 949
1077
1078
1079
1080 687
1081 462
1082 66
1083 2320 1200
1084 612 2141 758
1085
1086 2086
1087 713
1088 7 131
1089
1090 660 2317
1091 1979
1092 843
1093
1094 2491
1095 1422
1096 1947
1097 1491
1098
1099 1566 749
1100 2184
1101 142
1102 616 809
1103 640
1104 484
1105 93
1106 1033
1107 828
1108
1109
1110
1111 153 1024
1112 801
1113
1114 1500
1115 455 2215
1116 1088
1117 513
1118 1027 1939
1119 1045
1120
1121 2169
1122 1002 1202
1123
1124 2428
1125
1126
1127
1128 572 1520
1129
1130 987 1307
1131 2167 2084
1132 1180 742 753
1133
1134
1135
1136 1684 429 2046 2092
1137 87 1360
1138 1400 1896
1139 559
1140 1764 379
1141 2308
1142 834
1143 77
1144 663 2011
1145 1865 1596
1146
1147
1148
1149
1150 40 792
1151
1152 1831
1153 996 2144
1154 1579 909 2402
1155
1156
1157 210 1539 2325
1158 1465
1159 1348
1160 515 435
1161
1162
1163 227 1322
1164 86
1165 912 1884
1166
1167
1168
1169 2119
1170
1171
1172 599
1173 47 392 2126 838
1174 1237
1175 1568 2202
1176 665
1177 2305
1178 2026 1544 722 2002
1179
1180 2055 1118
1181
1182
1183 1624
1184 83 972
1185 219 785
1186 59 1893
1187 745 539
1188 1106
1189 253
1190
1191 678 256 896
1192 1218
1193 1164
1194
1195 971
1196 1358
1197 1744
1198 176 1726
1199 453 1905
1200
1201 951 1543
1202
1203
1204 2386
1205 1470
1206 831 1776
1207 1423 1245 1443
1208
1209
1210
1211
1212 1077 1611
1213
1214 110 952
1215
1216 1879
1217 521
1218 2277 2112 2331
1219
1220
1221 2351 1058
1222 1605 867
1223 527
1224 956 844
1225 340 2276
1226 1868
1227 1864
1228 1296 1682
1229 536
1230 1722 1156
1231 1351 2309
1232 1772
1233 1822
1234 2082
1235
1236
1237 1459
1238 240
1239
1240 1991 1110 1372
1241
1242
1243 1552
1244 239 2106
1245 588
1246 1697 2073
1247 1254 135 410 1563
1248 1179 1584 1754
1249 1235
1250 2342
1251
1252 2160
1253 695
1254 2
1255 1051 1960
1256
1257
1258 1386 2360
1259
1260 1663
1261
1262 1229 343 415
1263
1264 1246
1265 735 615
1266 1056 1678
1267 2304 1508 1349 509
1268
1269
1270
1271
1272 2209
1273
1274 1107
1275
1276
1277 903
1278 1977 247 1980
1279 390 207
1280
1281 512
1282 1490 1564
1283
1284 1076 2440
1285 2249 738
1286
1287 1280
1288 1391
1289 747
1290 1215
1291 413
1292
1293 1337
1294
1295 787
1296 2439
1297
1298
1299 391
1300 2389 1062
1301 1622
1302 669
1303 766
1304 724 798 2025
1305 1616 356
1306
1307
1308 1369 1633 2138
1309 2091 583
1310
1311 211
1312 849
1313 1034 1189 374
1314
1315
1316 2213 359
1317
1318 322 1295 1060
1319 1703 1390
1320
1321
1322
1323 2238 2376
1324 444
1325 820
1326 590
1327 1020 1281
1328 1838
1329 281 2211 1471
1330
1331
1332
1333 1074
1334 783 520
1335
1336
1337
1338
1339 2152
1340 2438
1341 1770
1342
1343 1714 1257
1344 1926
1345
1346
1347
1348 366
1349 1468 1219
1350
1351 2427 1067
1352
1353
1354
1355 1925 2060
1356
1357
1358
1359
1360
1361 298
1362
1363
1364
1365
1366
1367 1378 99 756 1271
1368 1317
1369
1370 2482 1885
1371 1461
1372
1373 353 1143 1716
1374 1700
1375
1376 201
1377
1378 1231 547
1379 2116 305
1380 1458 578
1381 317 381 2047
1382 2075
1383 1018 1745
1384 1515
1385 2145
1386
1387 16 1483
1388 2406 2263
1389 2340
1390
1391 1191
1392 823
1393
1394 645 2296
1395 1797 433
1396 1221 1212
1397 920
1398 959
1399 1629 885
1400 127
1401
1402
1403 2102
1404 248 1046 2178
1405 930
1406 90 1542
1407 571
1408 1852
1409
1410
1411
1412 194
1413 2162
1414 921
1415 1408
1416
1417
1418 1656 577
1419
1420 1959
1421 494 500
1422 1157 2244
1423 793
1424 55 2366
1425 1790 2088
1426
1427 187 1817
1428
1429
1430 1187 1958
1431
1432 312
1433 796 1504
1434
1435 1410
1436 2352
1437
1438
1439
1440
1441 582
1442
1443
1444 2415 625
1445 1578 2349
1446 1909 2206
1447 1921
1448 2114 1330 1956
1449 1719
1450 705
1451
1452
1453 1481
1454 778
1455 863
1456
1457 1617 871
1458 1404
1459 506
1460
1461 946
1462 852
1463 2329 2498
1464 457 1460
1465
1466
1467 123
1468 1300
1469
1470
1471 1188
1472 285 1759 2459
1473 1863 1198 2450
1474
1475 1425
1476 985
1477 1528
1478 2081
1479
1480
1481 465 1159
1482
1483 1535
1484
1485 181
1486
1487
1488 2053 258 628 2454
1489
1490 152
1491
1492 763
1493 1553
1494
1495 2210 195 1353 1612
1496
1497 656 1085
1498 581 1828
1499
1500 1733
1501 406
1502 591
1503 873 1854
1504
1505 2117 2247
1506
1507 718 891 404
1508 1396
1509
1510
1511 1872
1512 950
1513
1514 585
1515 531
1516 934
1517 850
1518 1707 941
1519
1520 1932
1521
1522 2104
1523 1003
1524 791
1525 1441
1526 1823
1527 352
1528 2166
1529
1530 1537 2000
1531
1532
1533 1016 2180 1209
1534
1535 113
1536 855
1537 1721
1538
1539
1540
1541
1542
1543 1133 1532
1544 1463
1545 1961
1546 596
1547
1548 1129
1549 1154
1550 697
1551 815 1874
1552 1637 407
1553 2287 1279 2041
1554 2061
1555
1556 375
1557 1101
1558
1559 2176 150
1560 638 2286
1561
1562 1041
1563
1564 1666 557
1565 461 1005
1566 671 1792
1567 114 437
1568 1702
1569 2350
1570
1571 1098
1572 2328
1573 98
1574 1430
1575
1576 794
1577 206 1469
1578 1559
1579 686
1580 1795 1126
1581 988 1704
1582 1325
1583
1584
1585 1247 1250
1586 171
1587 1217
1588 175
1589 35 666 293 1276
1590 297
1591 586
1592 2378
1593
1594 1387 1213
1595 1442
1596
1597 938
1598 477 2490
1599 579 1047
1600
1601 1291
1602 146 1922 976
1603 2007
1604 424 372 1631 2362
1605 730 2257
1606
1607
1608
1609
1610 1635
1611
1612 1486
1613 1986
1614 464 2284
1615
1616 2271 2258
1617 64 489
1618 2416
1619 1314
1620
1621 690
1622
1623 911
1624 1861
1625 2147
1626 264 528
1627 24 190
1628
1629 541 2156
1630 137
1631 2008
1632 2391
1633
1634
1635
1636 736
1637 2399
1638 1798 230 2030
1639 1757 884 804
1640 1376 1516
1641 854 1728
1642 904 2354
1643
1644
1645 1379 1512
1646 1105 558 2492
1647
1648 164
1649 1244
1650 425
1651 361
1652 1028
1653 1140 2157
1654 584
1655 2174 882 1946
1656 1511
1657 387
1658 2359 403
1659
1660
1661 866 1236
1662 1438
1663 244 1804 2460
1664 918 1270 2109
1665 1162 1526
1666 225
1667 1843
1668
1669
1670 1867 701
1671 1238 1170
1672
1673 2032
1674 1690
1675
1676 2029 535 2307
1677
1678
1679 1183
1680 1131
1681 1530 303
1682
1683 254 1073
1684 36 186
1685 915 1031
1686
1687 1146
1688 1415
1689 1080
1690
1691 2394
1692
1693 626
1694 383
1695 824
1696
1697 2472
1698 120 2448
1699 337
1700 2323
1701 1193
1702
1703 833 744
1704 1435
1705 974
1706
1707 304
1708 2419
1709 1311
1710 1621 2009
1711
1712 598
1713 355
1714 354 760
1715 2488
1716
1717 829 233 1363
1718 173
1719 105
1720 145 1903
1721 2288 1166
1722 772 243
1723 1253
1724 2201 2345
1725 2241
1726 2358 2481 2101
1727 245 1729
1728
1729
1730 1365 1908
1731
1732
1733 483 459 1883
1734 94
1735 569
1736
1737
1738
1739
1740
1741 2297 1983
1742 1590 1619
1743 1851 546
1744 2113
1745 2027
1746
1747 2122
1748 2400 265 981 922 2234
1749
1750
1751 997
1752
1753 2192
1754
1755 1982 874
1756 2216
1757 2057
1758 485 331 1675
1759 154
1760
1761 2065 969
1762
1763 1184
1764 902 1673 2170
1765 872 1548
1766 658 1487
1767 1652 1078 1880 1346
1768
1769 339 1560
1770 839
1771 1783
1772
1773 1915
1774
1775 417
1776 2183
1777
1778 1819 1142
1779
1780
1781 182 1112
1782 1923
1783 155
1784
1785
1786 1742
1787
1788 1752
1789
1790 2457 1448
1791
1792 672 1086 2458
1793
1794 101 2312
1795 870
1796
1797 2153 421
1798 716
1799 1227 306
1800
1801
1802 983 364 2139
1803 1303
1804 307 810 1315
1805 1176 851
1806
1807
1808
1809 310 954
1810 2105
1811 1367
1812 1975
1813 685
1814 2251
1815 1911
1816 43 377
1817
1818
1819 620
1820
1821
1822 1555
1823
1824
1825 1431
1826
1827
1828 631
1829 2339
1830
1831 1627 1981 1749
1832 858
1833
1834
1835 975 2193
1836 402
1837
1838
1839 1731
1840
1841 1052
1842
1843 1336 1907
1844
1845 1647
1846 752 2431 1134 1785
1847 1723 2476
1848 967 1091
1849
1850
1851 1734
1852
1853 363
1854 1789
1855 111 161 707 845 1534
1856
1857
1858
1859 1446
1860 986
1861
1862 409 2344
1863 732
1864 1063 2384 2240 2430
1865 1224
1866
1867 673 561 1426 2347
1868
1869 2442
1870 813
1871 1551
1872 54 1150 196 2093
1873 2054
1874
1875
1876
1877 1263
1878
1879
1880 1321 1711
1881 1990 653 1149
1882 2035
1883
1884
1885 893 1949
1886 2390
1887 2043
1888
1889 466 1791
1890
1891
1892 548
1893
1894
1895 1999 1743
1896
1897
1898 1715
1899 1780
1900 116
1901 2253
1902
1903
1904 2195 2198
1905 1587
1906 1709 476
1907 1952
1908
1909
1910 597
1911 1269
1912
1913 1585 133
1914 1890
1915 149
1916
1917
1918
1919
1920
1921 411
1922 158 1755
1923 1569
1924 2411
1925 1234
1926 2295 1847
1927 2405 1832
1928 1654 1359
1929 382
1930 330
1931 458 1022
1932 252 2463
1933 168 1038
1934
1935 1294 1402
1936
1937 1155
1938 1267 977 1428
1939 1969
1940
1941 342
1942 1860 216 618
1943
1944 38 1882
1945 231
1946 894 1815
1947
1948
1949 1419
1950
1951 808
1952
1953 1061
1954 273
1955
1956
1957 126 463
1958
1959
1960
1961
1962 1225 767
1963 868
1964
1965 857
1966 1591
1967 177 907 947 1411
1968 2233
1969
1970
1971
1972 2003 288
1973
1974 2302
1975 95
1976
1977 1327 1888
1978 1805 224
1979
1980
1981 2229
1982 1094 999
1983
1984 183
1985
1986 1206 928
1987 1801
1988 1429
1989
1990 14 892
1991 2094
1992 497
1993
1994 634
1995
1996
1997
1998 1079
1999 91
2000
2001 1818
2002
2003 530 235 2136
2004 3 2423 1144 862
2005
2006 650
2007
2008
2009
2010 2049
2011
2012
2013
2014
2015 819 859
2016 1760
2017
2018 1810
2019 2217 2221 1765
2020
2021 324
2022 1718
2023
2024 1392
2025
2026 426 157 1001
2027 1482
2028
2029 2281
2030 2318
2031 1302
2032 1371
2033
2034 1653 1699 1057
2035
2036
2037 1641
2038
2039 1436 72
2040
2041 451 564
2042
2043
2044 681
2045 711 1312 603
2046
2047
2048 812
2049 56 1249 2185
2050 2223
2051 1054
2052
2053 1972 2097
2054 898
2055 139
2056 743 931
2057 2401
2058
2059 901 1971
2060
2061 565 2403 2005
2062 276 1399
2063 1043 332 1803
2064
2065 1037
2066 1008 1306
2067 522
2068 1223
2069 2129
2070
2071 1541
2072 11 1130 107
2073
2074
2075 1671 703 1384
2076 1260 358 1259
2077
2078 115
2079
2080 2051
2081 480
2082 349
2083 1068 542
2084
2085
2086
2087 62 2154
2088
2089
2090 237
2091 2417 2314
2092
2093
2094 1019 2080 1479
2095 544
2096
2097 624 503 706
2098 1927
2099 1204 338
2100 1125
2101
2102 1059
2103
2104
2105 1827
2106
2107
2108 257
2109 2123
2110
2111 1233
2112 1951 1274
2113 2255
2114 1802 2199
2115 1207
2116 2373 418 1826
2117 1901
2118
2119
2120 1421
2121 1099
2122 611 910 1354
2123
2124 1117 2164
2125
2126 1871 895
2127
2128
2129 1029 1628
2130
2131
2132
2133
2134 1533
2135
2136
2137 1284
2138
2139
2140 1844
2141 1712
2142
2143 1850
2144
2145 2161
2146
2147
2148
2149 130
2150 1030
2151 1350 2479
2152 481 543 1558 2128
2153 162
2154 2149
2155
2156
2157 607 1849
2158
2159 1304 1203 1320
2160 44 2087 1561
2161
2162
2163
2164
2165 218
2166 2137
2167 292
2168 1887
2169 1010
2170
2171 994
2172 1453 1962
2173
2174 1602 249
2175 1042
2176 1811 2056 1767
2177 886
2178
2179 1683 2004
2180 780 1097 2050
2181
2182 215
2183
2184 428 2226 1891
2185 2341
2186
2187
2188
2189 1115 1333
2190 1141
2191 636 1521
2192 348
2193
2194 487
2195 1966 290
2196
2197 1878
2198 2044 1598 1796
2199 1167
2200 865 1913
2201 39 1096 1368
2202 2064
2203 646 2163
2204 853
2205 2031 725 942
2206 2052
2207 1984
2208
2209
2210 172
2211 344 677 1914
2212 147 1501 1355 505
2213 1472 2469
2214 31
2215
2216 1197
2217 2172 1658 2039 768 2143
2218
2219
2220 589 1364 1840
2221 630
2222 1084
2223
2224 1650 1788
2225
2226 1525
2227
2228
2229 488
2230 2237
2231
2232
2233
2234
2235 696
2236 1313 2462
2237 414
2238 2186 2426
2239 1720 1640
2240 629 2380
2241
2242
2243
2244 1973
2245
2246 574
2247
2248 1892
2249 700 619
2250
2251
2252
2253 1128
2254 1809 501
2255
2256
2257 1334 627 935
2258
2259 1507
2260
2261
2262
2263
2264
2265 166
2266 1928 1132 1466
2267 1943
2268 777
2269 1632 1310
2270
2271 508
2272
2273
2274 1855
2275
2276
2277 50 25 621
2278 511
2279 551
2280
2281 679
2282 1444
2283
2284 642 1877
2285 1665 2252
2286
2287 75 633
2288 220 1825
2289 443 2107
2290 1775
2291 2470 2294
2292 1873
2293
2294 1100
2295 189 1282
2296
2297 1090
2298 1594 341 2196
2299 1044 1298
2300 2333 2168
2301
2302 2364
2303
2304 932
2305 1266 2096
2306 2179 2412
2307
2308 1288
2309 1906 648
2310
2311
2312
2313
2314 371 1710 1686
2315 2187
2316 973 2371
2317 1766
2318 262
2319 692
2320 881
2321 655
2322 737 280
2323 1338 1644
2324 622 1009 1013 1226
2325
2326 2212
2327 623
2328
2329 516
2330 1933
2331
2332 1643
2333 1954 400
2334 1639 1092
2335 475 538 2272
2336 2099 821
2337
2338
2339 991
2340
2341
2342 2083 518
2343
2344 1900 1899
2345 369 1571
2346 2021 580 916 1708
2347
2348 1985
2349 1574 1177 1331
2350
2351 12
2352 2063
2353
2354
2355 524
2356
2357
2358 540
2359 688 1523
2360 1570 2301
2361
2362
2363 552 1545
2364 649
2365 550 2058
2366 2225
2367
2368 966
2369 1655 473
2370
2371
2372 1995
2373 1753 401 2279
2374 1006
2375 1513
2376
2377 2327 1917
2378 397 1168
2379 2045 2072 2363 1625
2380
2381 1841 1918
2382
2383
2384 74 1492 1301
2385
2386 112 1050
2387
2388
2389 33
2390
2391 493 2313
2392
2393 1248
2394
2395
2396
2397 2316 1139 734
2398
2399 311 199 1123 1833
2400 958
2401 637
2402 1988
2403 806
2404 1407
2405 818
2406 555 1498 786 1452
2407 1025
2408 1252 1186
2409 129 2496
2410 23 1308
2411 1582
2412 438
2413 380 2299
2414 575 1264
2415 1898 1328 2332
2416 1116
2417 1243
2418
2419
2420 549
2421 1848
2422
2423 720
2424 704
2425 2110
2426
2427 775 103
2428 1830
2429 2437
2430 1674
2431 1998
2432 2480
2433 1205 1600
2434 468
2435
2436
2437 1083
2438 2001
2439 1748
2440 1409
2441
2442
2443 1228
2444 408
2445 73 2133
2446 1895 160 759
2447 2289
2448
2449 1601 2228
2450
2451
2452 2173
2453 667 875
2454
2455 2388
2456
2457 989 448
2458 1389
2459 1172
2460
2461 1437
2462
2463
2464 151 2214 1761
2465 1153 117 134 492
2466 2387 2493
2467
2468 393 604
2469
2470 1701
2471
2472
2473 2089
2474 10
2475 1793
2476
2477 1664 1182
2478
2479
2480
2481 643 1347
2482 662 913 1603
2483
2484
2485
2486
2487 595 2125
2488 321
2489 1119
2490 811 1484
2491 2062 335 2319
2492 2473 2382
2493
2494
2495
2496 2205
2497 232
2498
2499 900 2455
