#/n/fs/ragr-research/projects/fastppm-data/bin/simulate.py --mutations 1000 --samples 3 --coverage 30 --seed 6 --output sim
# GMT Sun Oct 13 15:01:27 2024
# 
0 240 116
1 327
2 123 149
3 635
4 766
5 965
6 213
7 853
8 244
9
10 562 958
11
12 610
13 621
14
15 485 530 870 534
16 549
17 353
18 570
19 947
20
21 928
22
23 490 815
24 882 171
25
26
27 310 409
28
29 493
30
31 222
32
33 180
34 463
35
36 897
37
38 577
39
40 385
41 730
42 110
43
44
45
46
47
48
49 495
50
51 957
52
53
54 732 902
55
56
57
58 833 890
59 13
60 74
61 187
62 941
63
64
65
66
67 367 405
68 257
69
70 472
71 597 729
72 181 372
73
74
75
76 37 823
77 539
78 160 687
79
80
81 586
82
83 604
84
85 56
86
87
88 341
89 569 526
90 887
91
92
93 634
94
95
96 128 828
97 658 39 340
98
99 9 241
100 508
101 378
102 3 470
103
104
105
106 545 125
107 816 596
108
109 869
110 362
111 309 365
112 942
113
114 701
115
116
117
118 41 220
119 664 722
120 771
121
122 251 692 464 805
123 779
124
125
126
127
128 398 975
129 6
130
131 323
132
133 22 852
134 790 572 563
135
136 66
137 567
138
139
140 862
141
142
143
144 243 544
145
146
147
148 407 443
149
150 188
151 512 336
152
153 736
154 5 990
155 894
156 231
157
158 79
159 146
160 14
161 611
162 865
163 434 89 135 998
164 280 416
165 543
166
167
168 21 656 831
169
170 156
171
172 891
173 769
174 684
175 423
176
177 735
178 465
179 649
180 83 683
181 792
182 426
183 444
184
185 725 527
186 584 818
187
188 916 787
189 970 679
190 921 196 253
191 111 34
192 226
193 217
194
195 267
196
197 948
198 252 481
199 18 516
200
201
202
203 519 206 285
204 276 808
205 169 724
206
207
208 873
209 657
210 277 688 247
211 739
212 30
213 195
214 395 540
215 960 488
216 689
217 506
218 524
219 415 484 835
220
221 595
222 33 338 678
223
224 564 304
225
226 350 650
227 450
228 218
229 807
230
231
232
233
234
235 750 984
236 592
237 466
238
239
240 875
241
242
243 579
244
245 15 152
246
247
248 316
249 394
250
251 606 270 924
252 237 878
253 607 738
254
255
256 648
257 161
258 899 351 884
259
260
261
262 988
263 677 262
264 182
265 532
266
267 913 821
268 279 575
269
270 331 505
271 460 791
272 346 912
273
274
275 783
276 486 296
277 489
278
279 216 528 93 541
280 630
281 203 268 613
282
283 246
284 122 662
285
286
287 194 381
288
289
290 903
291 451 982
292 550
293
294
295 413 383
296
297
298 704
299 263 159
300 418 851
301 315
302
303
304 214
305 773 905
306 585
307 118 471
308 522 637
309 325
310
311 845 428
312
313
314
315
316
317 356
318
319 150 456
320
321 675
322 901 117
323 561
324 609
325 352 48
326 644 437
327 235
328 368 121 866
329 200
330
331
332 234
333
334 332
335 651
336
337 573
338 386 680
339 480 417 673
340
341 483
342 538 72
343 759
344 776 322
345 299 559 286
346 142
347
348
349 403 858
350 745 847
351 53 861 653
352 943 290 324
353
354 52 363 255
355 191 498
356 300 373
357
358
359
360 952 154 529 874
361 720
362
363 264
364
365 176
366 339
367 212 977
368 376
369 342
370 780
371 397
372 930
373 400
374 275 707 813
375 172 971
376 457 55 829 950
377
378
379 881
380 751 496
381
382 620
383 910
384
385 518
386 141 665
387 627 259 757
388 40 432
389 70 101
390 710 345 643 95
391
392
393 326
394
395 566
396 273
397
398
399
400 375
401 686
402
403 183 389 96 876
404
405 871
406 16 67
407 547
408
409
410 615 249
411
412 978
413 137
414 582
415 424
416
417 313
418 2 291 359
419
420 507 629
421 10
422
423 297
424 571
425 88
426 64 599
427 384
428 770
429
430
431 349 879
432 308
433
434 59 81
435
436
437
438 473
439 863
440 509
441
442 703 927
443
444 209
445 302 303
446
447 986 834
448 215 796
449
450 298
451
452 43 854
453 62
454
455 433
456 361
457 859
458 695
459 233 301
460 65 113
461 129 602 848
462
463 718
464 568
465 380 133
466
467 896
468 236 868
469
470 412
471 284 949
472 254 972
473
474 934
475 806
476 844
477 886
478
479 358 895
480 499
481
482
483 134 772
484 334 867
485 546 232 719 763
486 54
487 57 438
488
489 354
490 90 97
491 38
492
493 77
494 410
495 590
496
497 225
498 696 670
499 205
500
501
502
503 685
504 631 598
505 966
506
507 139 855 888
508 452
509 814 514
510 108
511 909 576
512 693 42 589
513 659 557 758
514
515 614
516
517 92
518
519 99
520
521 800 768
522
523 721
524 446
525 898
526 600
527 671 269
528 475
529 157
530 647 708 591
531 601
532 320
533 917 202
534
535
536 425
537 46
538 1 307
539
540
541
542
543
544
545 8 560
546 153 638
547 328
548 158 652
549 946
550 479
551 980
552 229
553 931
554 497
555 742
556 907
557
558 752
559 797 201
560 959
561
562 448 588
563 248
564 68
565 983 836 824
566 103 819
567
568 533 271
569 44 702 737 849
570 925
571 344 782
572 691 115 449
573 511 964
574 404 788
575 136
576
577 421
578
579 84
580
581
582 224
583 723
584
585
586
587 31 288 454
588 619
589
590 166 311 700
591
592
593
594
595 442
596
597 915
598 510
599
600 387 377 911
601 155
602 900 945
603
604 551 850 937 435 697
605 636 468
606 825 422
607 920
608 164 492
609 494 537 641
610 69 131
611 716
612 860 646
613 374
614 396 774 991
615 523 741
616 999
617 458 478 714
618
619 210
620 731
621
622 733
623
624
625 360 841 521 746 885
626 227
627 728 293
628 175
629 973
630
631 840 392 501
632 810
633
634
635 908 784
636 20 204 994
637
638
639 441
640
641 892 976
642
643 174
644 193 513
645 170
646 305
647 918 661
648 455
649 985
650
651
652 242
653
654 219
655
656
657 775
658 406 618
659 462
660
661
662
663 260 953
664
665 954 294
666 265
667
668 625
669
670
671 929
672
673
674 838
675
676 119 713 764
677 11
678 955
679 197
680
681 49
682 674 626 314 391
683
684 756
685 594 820
686 364
687 28 61
688 126
689 382
690
691 727
692 45 640 642
693 963
694
695
696 940
697
698
699 348
700 223 502 603
701
702
703 369 962
704 371
705
706
707
708 789
709 548
710 995
711 504 612 939 762
712
713
714
715 47 112
716 583
717
718
719
720 32 536 447
721 36 250 666
722
723
724
725 431 856
726
727 517
728 760 712 785
729
730 106 474
731 817 726
732 312 967
733
734
735
736 148
737
738 747
739 883
740
741
742 574
743 628
744
745 140 812
746 289
747 857
748
749 114 238
750 51
751 461 411
752 143 184 997
753 440 177 832
754
755
756 487
757
758 578
759 165
760 190
761
762
763
764
765
766
767 933
768
769 682 996
770
771 906
772
773
774
775 491
776 337 453 292 842 633
777 552
778 366
779
780 317 827 593
781
782
783
784
785
786 151 436
787 379 809
788 500
789 515 419
790 76
791 624
792 29 393
793
794 476
795
796
797 17
798
799
800 663 535
801 245 104 565
802 734
803 207 798
804 82 617 944
805
806 91
807
808 804
809 669
810
811 60 935
812 558
813
814 163 25 956 961 914
815 872 459
816 587
817 715 167
818
819
820
821
822
823
824
825 605 655
826
827 699 542
828
829 144
830
831
832 467
833 23 390
834 333
835
836 744
837 801 208
838 370 127 321 974
839
840 992 667
841 525
842 306
843 73
844
845 743
846 221 922 830
847 794 765
848
849 822
850 35 186 427
851 748
852 109
853 753 98
854
855
856 58 132
857
858 711 469
859 319 969
860 239
861 147
862 837
863 846 75
864 71 272
865
866
867
868 987
869
870 355 936 357
871 347 580 802 795
872 287
873 717
874
875 107
876
877 706
878
879 645
880 192
881
882 26
883 968
884 283 430 932
885 839
886
887 531 120 503
888
889 755
890 80 690
891 414 754
892
893
894 258
895 799
896 266
897 86
898 256 482 781
899 189 654 63 230 639
900 402
901 85
902
903 27 274
904 138 889
905
906
907 660
908 199 923 124 555
909 19 676 261
910
911
912 979
913 993
914
915
916 439
917 50 335
918 786 672
919 622
920 520 581
921 749 793
922 399
923 12 87
924
925 173
926
927 179
928
929 778
930 445
931 281
932
933 185 7 761
934
935 278
936 168
937 295
938
939 698
940 329
941
942 130 330
943 78 145
944 705
945
946
947
948 100 694
949
950 556 826
951
952 767 926 938
953 429
954 282
955
956 864
957 401 408
958
959 554
960 102 388
961 709
962 777 318
963 668
964 681
965 803 632 951
966
967
968
969 608
970 178 981
971 94
972
973 211
974
975
976
977 420 198 228 919
978
979
980 880
981 811
982
983 904
984
985
986 162
987
988
989 843 877
990 343
991
992 4 477 893
993 24
994 989 616 623 740
995 553
996 105
997
998
999
