#/Users/schmidt73/Desktop/fastppm-data/bin/simulate.py --mutations 500 --samples 3 --coverage 30 --seed 13 --output sim
# GMT Fri Sep 13 14:24:39 2024
# 
0 219 78 241
1 262 290
2 412
3 126
4 89
5
6
7
8 405
9
10 430
11
12 140
13 347 392
14 341
15 496 128 277
16 234 285
17
18 151 421
19 366 336
20
21
22 10
23 414
24 54
25
26
27 481 205
28 125 477
29 288
30 131
31 470 263
32
33
34
35 301 473
36
37
38
39 165
40 415 109
41
42
43
44 220 192 420 494
45 384 73
46
47 467
48
49 99 330
50 335
51 331
52 235
53
54 72
55 361
56 19 428
57 317
58 483
59 134 419 83 149 460
60 14 33
61 264
62
63
64 66 93 410
65 348
66
67
68 196
69 227
70
71
72 486
73
74
75 166 450
76 62
77 350
78 26 242
79
80 327 395 211
81
82
83
84
85
86 69
87
88 232 432 203
89 136
90 195 30 260 307
91 283 404
92
93
94 4
95 178 182
96
97 427
98
99 488
100
101
102 43 46
103 297
104
105 255
106 95
107 184 444
108 177
109
110 39 48 355
111 183
112 58
113
114
115
116
117
118
119
120
121 49 197
122 202 204 293
123 248 36
124
125 118
126 397
127 104 148 383
128 210
129 28 313
130 9 449
131 372
132 37 86 117
133 185 110
134 448
135 344
136
137 153 445
138 351
139 230
140 207 382
141 261 471
142 492 387 332
143 282
144 59
145
146 16
147 418
148
149 170
150 135
151 231
152 378
153
154
155 367
156 158
157 400 189 390
158 385 269
159 57 343
160 5 495
161
162
163 273
164
165
166 417 442
167 433 329
168 318
169 29
170 423
171 115
172
173
174
175
176 276
177 408 426
178
179 156 237
180 105
181 18 23
182
183 272
184
185 436
186
187 458
188 7 296
189
190
191 266
192
193 270 201 281
194 132 447 70
195 376 258
196 77 257 360
197 155
198
199 209 394
200 176
201
202 325
203 358
204
205
206 292 61
207
208
209 2 453
210 60 435 191 463
211 129 352 398
212 333 221
213 294
214 346
215 145
216 217 322
217 409
218 475
219 280 45
220 38
221
222
223
224
225
226 53 124
227
228 6
229
230 438 393
231 212 267
232 446 229
233 91 161
234 119
235 208
236
237 308
238
239 179 98
240 381 456 399
241 224
242 194 468 154 162
243
244 122
245 466
246
247 193 180
248 407 13
249
250 44 499
251
252 403 76
253
254 252
255 74
256
257 328
258 65
259 167
260 284 102 304
261 323 186
262 326
263
264 386
265 133 17 75 356
266 345 482
267 240 88
268 489 320
269 222
270 250
271 429
272 314
273
274
275 112
276 40 87
277 365
278 416
279 363
280 80 306 401
281
282 82 359
283
284 247
285
286 411
287 324
288
289 8 305 312
290 339
291 218
292 291
293
294
295 371 85
296
297
298 97
299 15 454
300
301
302
303 24
304
305 369
306 302
307
308 298 379
309 377
310 190 459
311
312 337 461
313 440
314
315 159
316 253
317 498 150 138 164
318 130 92 431
319 47
320 35
321 174 316
322
323 491
324
325 173 309
326 319
327 265
328
329 225
330 238 462
331 101
332
333 160 63
334
335
336 274
337
338
339 443
340 169
341
342 228
343
344 380 476
345 96
346 21
347 106 439
348 52
349 163
350
351
352
353 480 42
354 141
355
356
357 152
358
359 311
360
361
362 422
363 259
364 391 236
365 373
366 116
367 469
368 268 364 271
369 340 121
370
371 157
372 22 50
373
374
375 11 287
376 188 56
377 362 424
378 67 321
379
380
381 147
382 389
383
384 226
385 353 175
386 244 457
387 12 233
388 123 300
389 497
390
391 187 478
392
393
394 90
395 94 485
396
397 286
398
399 434
400 144 357
401
402
403 493
404
405
406 31 113
407 142 474
408
409 71 79
410
411
412 139
413 181
414 34
415 413
416 374 490
417
418 342
419 216
420 484
421 249
422
423 334
424
425
426 479
427 303 452
428 338
429
430 279 396
431
432 114 256
433 51 81
434 487
435 315
436 472
437
438 451 437
439 103
440 84
441
442
443 251
444
445
446 239
447 64
448 32 215
449
450 402
451 127
452 223
453 245 246
454 3 375 425
455 1
456 243
457
458 254 137
459
460
461
462
463 100
464 275 27 146
465 214
466
467 20
468 55
469
470 172
471 111
472 464 406 198 441
473
474 25
475 168 107
476
477
478 171
479
480 354
481 199 68 108
482
483 299 213
484
485 310
486
487 278
488
489 388 206
490
491 289
492 455 120
493 200
494
495
496 368 295
497
498 465 349 370
499 41 143
