#/n/fs/ragr-research/projects/fastppm-data/bin/simulate.py --mutations 2500 --samples 3 --coverage 1000 --seed 12 --output sim
# GMT Sun Oct 13 15:08:26 2024
# 
0 1020 1978 2089
1 414
2
3 1842
4
5
6
7
8
9
10 483 661
11 1097
12
13 675 632 345 772
14
15
16 2431
17
18 527 2456
19
20 762
21 841
22 1105
23 1418
24 972 789 2437
25
26
27 2367
28 59
29 2260
30 53
31 1013
32 148
33 1697
34 2375
35 1402
36
37 670
38
39
40 1980 1953 1852 1589
41 1984
42 1858
43
44 1257
45 577 1609
46
47
48 275
49 1763 2387 602
50 974
51
52 1493
53
54
55 1793
56 2224
57 1359
58 124 641
59 1721 426 456 1588
60
61
62 2444
63 1819 1199
64 1027
65
66
67 758
68 1367 1432
69 1116
70
71 1470
72 1284 2196
73
74
75 1344 119 1829 1734
76
77 1785
78 2067
79 251 221
80 1303 2108
81 1733
82 1218
83 1995 2190
84
85 935
86
87 1404
88 187
89
90 443 780
91 149 1045
92
93
94
95 1368 372
96 496
97 1350
98 289 444
99 17
100 607
101 256
102 373 1207 825
103 1479
104
105 2385
106 2275
107 2151
108 342 1468
109
110 2473 334
111 32
112 595
113
114 715
115 943 141 2281
116
117 1657 1122
118 94 178 462 1251 1856
119 960
120 274 1790 1816
121
122
123
124 1388 908
125
126 111 1491 2124
127 1751 1981
128 1533
129 326
130
131
132 846
133
134 1010 2144
135
136 1421
137 1706 1415 332
138 978
139
140
141
142
143 1382
144 1773
145 87 156 2371
146 288 951 1090 1111
147
148 1223
149
150 2162 1016
151 1244 304 2466
152 1874
153
154
155 126
156 461
157
158
159
160 2199
161 1142
162 1395
163
164
165
166 62
167
168 1527
169 127 352
170 1343
171 105 1596
172 1006 2041
173 26 1600
174 392 2300
175 2325
176 1339
177
178
179 1695 1912
180 60
181 1369 1287
182 1154 690
183 1998
184 234 793
185
186
187
188 2295
189 1957 1759
190 114 1376
191 893
192
193
194 181 1202
195
196 317
197 2383
198
199 556
200 548 676
201 1011
202 764 996 1757
203
204 946
205
206 1951
207 6
208 722 1077
209
210 907
211 422
212 542 1786
213 232
214
215 1015 572
216
217 695
218 1441
219 759 2038
220 1099
221 247 1075
222 699
223 2142
224 1300
225
226 787
227
228
229 245
230 1380
231 2242
232
233 917
234
235
236
237 2288
238 1161
239
240
241 947
242 1989
243 901
244
245
246
247 1775 325 1314
248 878 1780
249
250
251 1176 674 230
252 2216
253 179 2310
254 2391
255
256
257
258
259
260 1735 1985
261 1026 2428
262
263 169
264
265 2167
266
267 1613
268 224 2164
269 1822
270
271
272 302 857
273
274 2430 19 267 1765
275 513
276 1869 1836
277 897
278 1266 1292
279
280 2003 1686
281
282 123
283 516
284 842
285
286 526
287 767
288 1451
289 2080
290 1504 491
291 1047
292 1290
293 1302
294 2157
295
296 968
297 2002
298
299
300
301
302
303 1937
304 2374
305 1250 1914
306
307 629
308
309 1183
310
311 987
312
313
314 1082 2092 2402
315 1059
316 684 646 1179 1496
317 581
318 1324 188 2389
319 310
320 2286 2409
321 1139 2057
322 831
323 1100
324
325
326
327 519
328 2184 1685
329
330
331
332 2478 1475
333 1567
334 1467
335 1080
336 144
337 2477
338 1371
339 191 2230
340 2277
341 700
342
343 11 2345
344 336 1121 2128
345 724 2294
346 1321 2170
347
348 497
349
350 1720
351 2395
352
353 1113
354
355
356 273
357 1277
358
359
360 2174
361 2493
362 1392
363 1232
364 2324
365 596
366 338 953
367
368
369
370 1548
371 1153
372 271 1448 1902
373 214 255
374 100 1361
375 1213 2097
376 1918
377
378 1177 1882 1450
379 1933 205
380 1212
381 1866
382
383
384
385
386 766 1140 1515
387 1509
388 2187 2165
389 1044
390 464
391 2315
392 46
393 682
394 1458
395 1913
396
397 942
398 2051 2005
399 1732 744 1710
400
401 945
402 1038 1012
403
404
405 2159
406 1424 1233
407
408
409
410
411
412 78 396
413
414 1148
415 2338
416
417 941
418 1060
419
420
421
422 2208 135 721
423 696
424 784 1390
425 88 1586
426 2447
427
428 622
429 1784
430
431
432 1661 2012 2354
433 465
434 1498
435 1800
436 1096
437 698 1175 150 614
438
439 1262
440 8
441
442 376 561
443 309
444
445 1003
446 35 1025
447 576 969
448
449 323 1419
450 2183
451 2245
452
453 895
454 1021
455
456 308
457
458 1768
459
460 2254 1136 2233 2353
461
462 1499
463 2415 2094
464
465
466 2252 1905 1647 1660 1871
467
468
469
470 862 2079
471 1168 1144
472
473
474 537
475
476 707 582
477
478
479
480 1872
481 2435
482
483
484
485 146 1138
486
487 1943 1649 1813
488 562
489 227 347 1633
490 1007 543
491 80
492 1181
493 797 573
494
495 2270 608 1789
496 967 874 1975
497 2299
498 728 381 1254 2397
499 1821 415
500
501 796
502
503
504 1731 2481
505 1947 1815 2474
506
507
508 2099
509
510
511 741
512 2411 2434
513
514
515 322
516 2143 774 1921
517
518 530 666 1617 1945
519 976
520 2211
521 1201
522
523 2256 1462
524 1876
525 1760
526
527 2451
528 777 1384 694
529 2042
530 1964
531 481
532
533 2198
534 1439 2276
535
536 140 751 725
537 1256 2261
538 56 1187 2425 1782
539 2210 2433 1748
540
541
542
543
544 1403 533
545 1653
546
547 1374 236 2416
548 2289
549
550
551 2352
552 984
553
554 1463
555 1360 449 805 1513
556 1095
557 938 1847 2078 1582
558 1312 2272
559 51
560 1688
561
562 1810 1165 679 717 1356
563 920
564 285 1704
565 936
566
567 1618
568 42
569 2049
570 859
571
572 1043 1979
573
574 1683 773
575 33 2309
576 113 757 1173
577 1193 1992
578
579 1860 1648
580 569 1378 2056
581 1850
582
583
584
585 359 419
586 351
587 429
588 691
589
590
591 173
592 430 1420 2265
593
594
595 1057
596 5
597
598 283
599 1301 2086 2169
600 2043
601 379 712
602
603
604 1593
605 1484
606 783 1562
607
608 1637 1708
609
610 458
611 253 2399
612
613
614 405 2337
615 1164 810 563 1726
616 1636 1299
617
618 584
619
620 1754
621
622
623
624 118 529
625
626 1744
627 1
628
629
630 229 1844
631
632 312
633 1440
634
635
636 1881 776
637 1137
638 2046
639 755
640 1156 1724 877
641
642
643
644
645
646
647
648 1761
649
650 525 77 1456 1835
651 858
652
653 849
654 649
655
656 2192
657 290 2048
658 1481
659
660
661
662 1506
663 709 1141
664 524
665 1271
666 2438
667
668 1573 2160
669
670 638
671
672 692 824 2029
673 2274 1628
674 476
675 1375 910
676
677 358
678 1428 2334
679 603 2263
680 257
681 662
682 1363 1709
683 138
684 292
685 183
686 1152
687 1146
688 1970 2273
689 2137 818 1917
690 1924
691 2278
692 1225 1487 2253
693
694 2058
695 1125
696 1778
697
698 13
699 2336
700
701 2291 1366
702 1490
703
704 1862 2476
705 1999
706
707 47
708
709 2070 1505 1529 1715
710
711 927
712 1804
713 259
714 885 1323
715 693
716
717
718
719
720 1749 1811
721
722 192 1930
723
724 971
725
726
727
728 680
729 171 1942 468 1209
730 2212 1008
731 327
732
733 93
734 2448 48
735
736 1840
737 1541 1200
738 2321
739
740 719
741 781 1393
742 2465 779
743
744
745
746
747
748 216 2284
749 158 1808
750 2231
751 1215 294
752
753 2445 2400
754 681 1258
755 1880 1577
756 802
757
758 716 1796
759 1603
760 2495
761
762 1362
763
764 1188
765 356 2316 2036
766 2021 485 959
767 1803 1630
768
769
770
771
772
773 494 1210
774
775 2178 2115
776 650
777 28 1449
778 2257
779 2181
780 1824
781
782
783
784 131
785 902
786 1540 736
787
788 1742
789
790 1714
791 1002 994
792 1669
793
794 1727 1814
795
796
797 306 647
798 83
799 220 341
800 1381 1466
801 1878
802 459 1853
803 1502
804 1517
805
806 301 2360
807
808
809 785
810 1632 1245
811 2148
812 1196
813 1737
814 560
815 1867
816
817
818 68
819 658 2139
820 1563 1067
821 374
822 892
823 2259
824
825
826 1217
827
828 918
829
830
831 364
832
833
834 1534 1195
835 109
836
837 185 929
838
839 2241
840 587 1134
841 540
842 592
843
844 1166 2440
845
846 1955
847
848 421 1965 2031
849 921
850
851
852 112
853 574
854 1508
855
856 474
857
858
859 164
860 1972 640 1888
861 2244
862 718
863 538 2149 1084 2287
864 1831 834
865 2129 67
866 948
867
868 2297 1626
869 2017
870 120 2138
871 155 1522
872 1310
873
874
875
876
877 1983 1584
878
879 394 2015
880 827
881
882 1282
883 41 1756
884 2240
885 1246 297 850
886
887 2381 1396
888 713 539
889
890 30
891 1024 1682 2027 2330
892 631
893 368
894
895
896 798
897 262 1236
898 266 2141
899
900
901 369
902 447 551
903 1132 683 324 1186
904 1544
905
906
907 311
908 756
909 2064 432 1546 2116
910 2498
911
912
913 2122
914 1457 434
915 1639 769 1963
916 79 226 549
917
918 2320
919
920 1104
921 1160 350 1587
922
923 2215
924 1433
925 52
926 740 746
927
928
929 1839
930
931 1151 265
932 204
933 625
934 1197
935 1064
936 2009
937
938 964
939 1997
940 21
941 2209 654
942 535 1645
943 2459 1948 1901 2025 2362
944
945 27 2491 2011 270 1391 1893
946 1253
947
948 1920
949
950 1619
951
952 2372
953 2497
954 1898 820 2135 1072
955 500
956
957
958 2251
959 2460
960 254
961 137 1442 1640 2103 2482
962 1700
963 2404
964 1689 1126
965 200
966
967 2486 588
968
969
970 380
971 1109
972 585 2319
973
974 1114
975
976 176
977
978
979 1614 881
980 705 750 1766 377 1615
981
982
983 1915
984 1373
985 1851 847
986 1554 2032
987 2217
988
989
990 423
991 528
992 410
993 75 621
994
995 1311
996 2410
997 1147
998 1389 2226
999 636 677
1000
1001 2496 1539
1002 853 985
1003 1269
1004
1005
1006
1007 439
1008 441 2150
1009
1010 1411
1011
1012
1013 66 1472
1014
1015 2266 1289
1016
1017
1018
1019 2179 1228 873
1020 1940
1021
1022 606
1023 630
1024 122
1025
1026 84 1656
1027
1028 1430
1029
1030 1076 1861
1031 361 201 1306
1032 1417
1033 1977
1034 911
1035
1036 659
1037 2369
1038 457
1039 888 277 1107
1040
1041
1042 617
1043
1044 522
1045
1046 1447
1047
1048
1049
1050 1607
1051 305
1052 1480
1053
1054 988
1055 1543
1056
1057 128
1058 813
1059 2044
1060 2384
1061
1062
1063
1064 1414 438
1065
1066
1067 2088
1068 1538
1069 579
1070 1220
1071
1072
1073
1074 307 367
1075 428
1076 177 1690 2248
1077 578
1078 1797
1079 469 2308 2237 1190 1993
1080 1354
1081
1082
1083 1405 315
1084
1085
1086
1087
1088
1089
1090
1091 360
1092
1093
1094 729 2468
1095 2394
1096 2180
1097
1098 355
1099 2311 1224
1100 1561
1101
1102
1103
1104
1105 961 982 2134
1106 1131 2403 623
1107 2100
1108 1252
1109
1110 503 1180 1884
1111
1112 14 2227
1113 357 293 1155 2024
1114
1115 925 2060 1991
1116
1117 2220
1118 559
1119
1120 190 1422 1883
1121 687
1122 107 20
1123 2018
1124 1892 1000
1125 1967
1126 1594
1127 983
1128
1129 2327 2283
1130 163 268 2379 651
1131 1263
1132 1191 1864 2398
1133
1134
1135
1136
1137 962
1138
1139 1308
1140
1141 299 1558
1142
1143
1144
1145 134 1295 1974
1146 1098
1147
1148
1149
1150
1151 1770 1677
1152 219 2313
1153 992 1255
1154 1557 1065
1155 656 2472
1156 2285
1157
1158 1206
1159
1160 748
1161 612
1162 2364
1163 1532
1164 446
1165 1925 2175 1150
1166 206 1530
1167
1168 1103
1169
1170
1171 643 1055
1172
1173 866
1174 2439
1175 599 1399
1176 1385
1177 505 2282 298 919
1178 365 2035
1179
1180
1181 1938 1328 1834
1182
1183 1169 1444
1184 1805 1085 1204
1185 1903
1186
1187 2091 2355
1188
1189
1190
1191 412 1226
1192
1193 504 1812
1194
1195 2007
1196
1197
1198 2118 2420
1199
1200
1201 628
1202 1602
1203 986 613
1204
1205 1794
1206
1207 1524
1208 1340
1209
1210
1211 1738
1212
1213
1214 1227
1215 1923 2329
1216 1464
1217 2314 1159
1218
1219 590
1220 472 1743
1221
1222
1223 263
1224 844 281
1225
1226 2163
1227
1228 375
1229 1014
1230
1231
1232 1935
1233 473 605 851
1234 2111 1036 745
1235
1236
1237 939
1238 541
1239 339 1041
1240
1241
1242 1503
1243
1244 991
1245 2490
1246 1791 435
1247 845 1762 1939
1248 2126
1249 1293
1250
1251
1252
1253 1889
1254 1435 1471
1255
1256 1416 1034
1257 442
1258
1259 4 855
1260
1261 2104
1262 1576
1263 69 894
1264 1465
1265
1266 1461
1267
1268 2123
1269
1270 166 1758 2382
1271 450 1492
1272
1273
1274 1079 1531 2342
1275
1276 2388
1277 36 2463
1278 889
1279
1280 1859
1281
1282
1283 58 1646
1284 193 1830 1691
1285 1865
1286 1848
1287
1288 2302
1289
1290 1599
1291 904 664
1292 1495 2419
1293 2059 1673 1875 366
1294 1703
1295 235 1849
1296
1297 782 1346
1298
1299
1300
1301 1510 467
1302
1303 1698
1304 2114 44 711
1305 610
1306 1973
1307 1115 477 884 1665
1308 2239
1309 2429
1310 620
1311
1312 688
1313 1063
1314 1745
1315
1316
1317 453 867
1318 1987 1927
1319
1320 1127
1321
1322 1620
1323 963 203
1324 737 1283 2317
1325
1326 1342
1327
1328 609 1841
1329 1590
1330 407 882 1595
1331 174
1332 1767
1333 2054
1334 819
1335 492 370
1336
1337 182
1338 734 1005
1339
1340 1516
1341
1342 977 2075
1343 231
1344 388 1592
1345
1346 1017
1347 2343
1348 635 1088
1349 1826 669
1350 1163
1351 2119
1352 1482
1353
1354 637 2361 837
1355 565
1356
1357 1042
1358 425
1359
1360 586 244
1361 1086
1362
1363 515
1364 1994 1070 1886
1365 1966 980
1366 1747 1960
1367 116 184 876
1368 1934 1616
1369 1652
1370 871
1371
1372
1373
1374 2073 886
1375 555
1376
1377 417 74
1378 788 2191
1379
1380 71
1381 1900
1382 2377
1383
1384 395
1385 1291 40 408
1386 353
1387
1388 1838 1171
1389
1390 2467
1391 348
1392 2061
1393
1394 344 319 397
1395 70
1396 1643 1106 2305 2365 720
1397 1928 1514
1398 499 1597 2065
1399
1400
1401 1681
1402
1403 653 1240
1404
1405 864
1406
1407
1408 1675 1119
1409 1214
1410 1394 545
1411 2077
1412
1413 86 1208
1414 557 1352 2140
1415 1032
1416 346 1274 672
1417 215 604 1730
1418
1419
1420 833
1421 2271 778 2207
1422
1423
1424 189 2296
1425 2172
1426 1986 2085
1427 2307
1428 2096
1429
1430 389 1317 2392
1431
1432 383 1545
1433 2499 1693 1931
1434 207
1435 486 923
1436 1320
1437
1438 49 738
1439 57 452 790 2488
1440
1441 279
1442 1355 2050
1443
1444 2380
1445 1333 2494
1446 1501
1447 1560
1448
1449
1450
1451 329 2034
1452 335 898
1453
1454
1455
1456 1658
1457 1779 195
1458 1666 97 1575
1459
1460
1461
1462
1463 1705
1464
1465
1466 655 1523
1467
1468 1668
1469 1936
1470 754
1471 600
1472 101
1473
1474 1050
1475 2406
1476 1294
1477
1478 1473 1799
1479 2154
1480 1674
1481 10
1482 949
1483
1484
1485
1486
1487 2158
1488
1489 514 2422
1490
1491 480 1894 2483
1492 2146
1493
1494 1610
1495
1496
1497 1877 2408
1498
1499
1500 2357
1501
1502
1503
1504 1046
1505 532
1506
1507
1508 701
1509 1896 1029
1510 2464 571 1265
1511 210
1512 958 102 1110 732 1198
1513
1514 2206
1515 1725
1516
1517 2201
1518 2125
1519
1520
1521 440
1522 55
1523
1524 2228
1525 2131
1526 482
1527
1528
1529
1530
1531
1532
1533 391
1534 1687
1535 490 1486
1536 54
1537
1538
1539 765 331
1540 7
1541 1178 427 2102
1542 1296
1543 1716
1544 1337 1781
1545 1507
1546 710
1547
1548
1549
1550 9
1551
1552 1739
1553 151
1554 1802 2489
1555
1556
1557 318
1558 2120
1559 225 771
1560 1386
1561 634
1562
1563 879 2423
1564 2301
1565 479
1566
1567
1568
1569 2177
1570 1837
1571 1438 660 1566
1572 786 37 2243
1573 1996
1574
1575 1128
1576
1577
1578 830
1579
1580
1581 2195 2332
1582
1583 997
1584
1585
1586
1587 665
1588 2469
1589
1590 1634
1591 471
1592
1593 38
1594 136 510 1520 2323
1595
1596
1597
1598 282 242
1599
1600
1601
1602 272 1623
1603 1276 1601
1604
1605
1606 213
1607 2340
1608 2335 237 523 1149
1609 956
1610 2037
1611 686
1612 1642
1613 1631
1614 90 2188
1615 905 2113
1616
1617
1618
1619 202
1620 1184
1621 1868 1135 1519
1622 2341 1102
1623 2475
1624
1625 1550
1626 1280 1485
1627 498
1628 1552 1982 2238 1051
1629
1630
1631 933
1632 154
1633 1172
1634 495
1635 1383
1636 1039
1637 1219
1638
1639 484
1640 678
1641 1158 1806
1642
1643 1112
1644
1645 1729
1646 1174 1828
1647 349
1648
1649 2322
1650 1398 172
1651
1652 1857 1711
1653
1654 507 1542
1655 1279
1656 1728
1657 2359 1345
1658 517
1659 835 1446
1660
1661
1662
1663 615
1664 553
1665 1537
1666 1879
1667
1668
1669
1670 2441
1671
1672 2443
1673 142 1297
1674 2121 697
1675 2156
1676 546
1677
1678
1679 916
1680 2098 2168
1681
1682 743
1683 2066 815 1407
1684 1074
1685 1907
1686 1621 1330 989
1687 1990
1688
1689 804 1949 431 1694
1690 1078
1691
1692
1693
1694
1695 2071 828
1696
1697 2020 1755
1698 922 1281
1699 1427
1700 1349
1701
1702 81
1703
1704
1705
1706 1123
1707 2202
1708
1709 2161
1710 843
1711
1712 343
1713
1714
1715
1716
1717 2026 1319
1718 95
1719
1720 1443
1721 466 2462
1722 104 2412 1237 770 1268
1723 403 995
1724 1238
1725 1425
1726
1727 1249
1728
1729 2455
1730
1731 103 2053
1732 1676 900 2047 2454
1733 806 829
1734
1735 928 930 2492
1736 1001
1737 1023
1738 1056
1739 1052 378 73
1740 197 1117
1741 1887
1742 1305 493 420
1743 1474
1744
1745
1746 648
1747 1069 264 313
1748 1488
1749
1750 1909 1906
1751 1952
1752 2450
1753 1650 63
1754
1755 508 1285
1756
1757
1758 2356
1759
1760 2193 1357
1761 800
1762
1763 1365
1764 1627
1765
1766 2084 2346
1767
1768 99
1769 2461 1408
1770 1129 1606
1771
1772 1037
1773 940 566
1774
1775 1452
1776 1326 1476 2030
1777 570 2110 243 1863
1778
1779 689 65 1664
1780
1781
1782 399 792
1783
1784 914
1785 1460
1786 2268
1787
1788
1789
1790
1791 12
1792 903 597 1680
1793 2373 2014
1794 1358
1795 1922 2235
1796
1797 2133 2062
1798 1260
1799 1662
1800 1288 731
1801 1469 932 2326
1802 233 838
1803 1929 839 1774
1804
1805 25 1764
1806 2039
1807
1808 906 1040 1347
1809 1454
1810 2390
1811
1812
1813
1814 1555
1815 418
1816
1817 1083 212
1818 1259 2016
1819 161 1707 1336
1820 2083 1667 2347
1821 117 1958
1822 2471 2344 1242 1437
1823 2290 1795
1824 371
1825
1826 1270 1497 2446
1827 1736 1559
1828
1829 460
1830 626
1831 2063
1832 1525
1833
1834
1835 1671
1836
1837 2008
1838 2449 957 1569
1839 2484
1840 1624
1841
1842 2298
1843 1750
1844 2136 1068
1845 730
1846
1847 211
1848 152 1434
1849 1807
1850 950 2001 2358
1851 2074
1852 1387
1853 667 1431
1854
1855 2247 1961 2279
1856 1783
1857 823
1858
1859 896
1860 891 671
1861
1862 23 2470 1332
1863
1864 168
1865
1866 2312
1867 2197 404 1526
1868 1058
1869 382
1870 865 1788
1871
1872 1453
1873 1500
1874 287 952
1875 2182
1876 488 1216 1846
1877 1329 2349
1878 1370 1120 239 320 2117 1241
1879 29
1880 354
1881 1094 536 1549 1672
1882 589
1883
1884
1885
1886
1887 1551 1580
1888
1889 822
1890 401
1891
1892 2072
1893 795 880 1053 1341
1894
1895
1896 890
1897
1898 1718
1899 639 1741
1900 303
1901 1932 1194 1895
1902
1903 2393 1203
1904 993
1905 222
1906
1907
1908 1511
1909 1969 2255
1910 1185 147
1911 742 1752
1912 1091
1913
1914
1915 1400 2106
1916
1917 2223 832 1170 2269
1918 82 445
1919
1920
1921 2112
1922 291
1923 2225
1924 1699
1925 2087
1926 1061
1927 836
1928 863 899
1929 115
1930 1087
1931
1932 955 875
1933 386 685
1934 1968
1935 1910 1772
1936 16 45 2147
1937
1938 387 2093
1939
1940 1670 809
1941 2304
1942 223 24
1943 316
1944 1426
1945
1946 1644
1947 1512
1948 76 455
1949 167 2203
1950 1073 2378
1951 714 1832 2219
1952
1953 872
1954
1955 611
1956 1353
1957 194 926
1958 1659
1959 1101
1960
1961
1962
1963
1964 2386 1093
1965
1966 1753 1827 196
1967 2028 2
1968 1904 1911
1969 295
1970 1272
1971
1972 98 727
1973 1638
1974 1833
1975
1976
1977 2004
1978
1979 1477
1980 1377 883 451 642 2292 2458
1981 2452
1982 1663
1983 1243
1984 593
1985 1261
1986 1030
1987 2033 1221
1988
1989
1990 121
1991 1604
1992
1993 1325
1994 400
1995 2010
1996 1941 2090
1997 749 1641
1998
1999 1817
2000 436 511 1275
2001
2002 330 1701
2003 64 733
2004 385
2005 931 761
2006
2007
2008 2453 2414 1825
2009
2010 1713
2011 337
2012
2013 1478 2250
2014 2000 1423
2015 300
2016 979 624
2017
2018 2236 1890 393 2023
2019
2020 970
2021 840 1719
2022 1334 512
2023
2024 1401
2025
2026 402
2027 1189
2028 22 704
2029
2030 2194
2031
2032
2033 1899
2034 1976
2035 238
2036
2037 1205
2038
2039
2040 1489
2041
2042
2043 912
2044 2350
2045 1535
2046 208
2047
2048
2049 999 816
2050
2051 1124
2052
2053
2054
2055 411 763 2155
2056 534
2057 2401
2058 2426
2059 1679 990
2060 1591
2061 973
2062 1574
2063 2229
2064 139
2065 1854
2066 1625
2067
2068
2069
2070 261 1089
2071 2396
2072 72
2073 1740
2074 269 145 2200
2075
2076
2077 1335 856
2078 1926
2079
2080 1211 1518
2081
2082 246 409
2083 580
2084 965
2085
2086 1009
2087 598 470
2088 340
2089
2090 2264
2091 2407
2092
2093 198 558 937 2418
2094
2095
2096 2339
2097 1971
2098
2099
2100 518
2101 1327
2102 1018
2103
2104
2105 2176 314 1959
2106
2107 475
2108
2109 240
2110 406
2111 2105
2112 1062
2113
2114 2022
2115 1776
2116 1564
2117 1066 1629
2118
2119 547
2120
2121 2132
2122 209
2123
2124 1143
2125 2069
2126 129
2127 1108
2128
2129 252 463
2130
2131
2132 1845 1331 162 1230
2133 489 726 1483
2134 2293
2135 2045
2136 276
2137 2457 1298
2138 175 2214 1264
2139 2376
2140
2141
2142 1338 1570
2143 2368
2144
2145
2146 723
2147
2148 2485
2149 1684
2150
2151 15 521
2152 433
2153 913 702 1655
2154
2155 1316
2156 2479
2157
2158
2159 1318
2160
2161 1436
2162 362
2163 821 1954
2164 998
2165
2166
2167 1459
2168
2169
2170
2171 1081
2172
2173 1322 1897
2174
2175 2189
2176 1572
2177
2178 1777 934
2179 1622
2180 1787
2181 2013
2182 153
2183
2184 981 2246
2185
2186
2187 1521 165
2188
2189 1071
2190 2424
2191 1823 218
2192
2193 575 1608
2194
2195 91
2196
2197 2333 108 1565 2267
2198
2199 2306 1843 1364 2204
2200
2201 868 1635
2202 2370 1916
2203 2205
2204 1583
2205 2363
2206 817
2207
2208 760
2209 1304
2210 286 1278
2211 808 2218
2212 31 1455
2213
2214 544 1651
2215
2216 861 594
2217
2218
2219
2220 390 413 807
2221 1348
2222 50 384 668
2223 1654
2224
2225 170 564
2226
2227 1528
2228 487
2229 1855
2230 1919
2231 860
2232
2233
2234
2235 2152
2236 1870 652 2006
2237 944
2238 924
2239
2240 1229
2241
2242 1315
2243
2244 753
2245 1413 2109
2246
2247 2405 801 909 416
2248 2234
2249
2250 2068
2251 1307
2252 110
2253
2254 1133 1568
2255
2256 478 1956
2257 260
2258 125 1696
2259
2260
2261 1379
2262 1309
2263
2264
2265
2266 1571
2267
2268
2269
2270 616 531
2271 601
2272 708
2273
2274 85 619
2275
2276
2277 1891
2278
2279
2280 848
2281 333
2282 92
2283
2284
2285 2413 915 2145
2286 501 583 752
2287
2288
2289
2290 2258
2291 826 663
2292
2293
2294 1231
2295
2296 2432
2297 1286 869
2298
2299 739
2300 1556
2301 2351
2302 363 811
2303
2304
2305 1581
2306 2366
2307
2308 502 567
2309
2310 1145
2311 3
2312
2313 552
2314 794
2315 1885
2316 1771
2317 2222 1033 1167
2318 1801
2319
2320
2321 1049 1267 1412
2322
2323
2324 437 2040
2325 1406
2326
2327 96
2328
2329 454 2052
2330 1692 2213
2331 1004
2332
2333 1118
2334 1372
2335 2153 706
2336 803 2019
2337 975
2338 791 1022 1962 2166
2339 1950
2340
2341 160 34
2342
2343
2344 258
2345 520
2346
2347
2348 735
2349
2350
2351 2331
2352
2353
2354
2355 2171
2356 1944
2357 228 2185
2358 2249
2359 854 1792
2360
2361 1494 1182
2362
2363
2364
2365 106
2366 627
2367 799
2368 2348
2369
2370 199 812
2371
2372
2373 61
2374 1536
2375 1809
2376 280 241
2377 1723
2378
2379 2421 2487
2380
2381 1234 328 2480
2382
2383
2384 775
2385 870 1702
2386 296
2387 1908
2388
2389
2390 852 633 747
2391
2392
2393 130
2394 1445
2395 1239
2396 1820 1222 2436
2397
2398 1611
2399
2400
2401
2402
2403 284
2404 180 966
2405 2318 1553
2406 1717 1798
2407 1722
2408
2409
2410
2411
2412 133
2413 1248
2414 554 1313
2415 186 2280
2416
2417 1054 2232
2418
2419
2420
2421 550 2417
2422
2423 2127 1273
2424 2130
2425 321 509
2426 1578
2427
2428 1092
2429 2107 1678
2430 217 143 644
2431 2095
2432 1035 1579
2433 506 2221 1192
2434
2435 1585
2436
2437
2438
2439
2440
2441 18 1746 1162
2442 89
2443
2444 1028
2445 1019
2446 1605
2447 657
2448 1818
2449 954 2101
2450 1769 1048 2076
2451 673 1409
2452
2453 1712 2442
2454 2186
2455
2456 1429
2457 39 768
2458
2459 132 2303
2460 159 1988
2461 1598 2082 250
2462
2463 1247
2464 1397
2465 1410 2081
2466
2467 1130 248
2468
2469
2470 814
2471 568 1235
2472
2473 1031 448
2474 1547
2475
2476
2477 424
2478 887 645
2479 1873
2480 2055 1157
2481
2482 2427
2483
2484 1612
2485 1351
2486 2262
2487 618
2488
2489
2490
2491 398 249
2492 2328
2493 591
2494
2495 2173 278
2496 157
2497 1946
2498
2499 43 703
