#/n/fs/ragr-research/projects/fastppm-data/bin/simulate.py --mutations 1000 --samples 3 --coverage 1000 --seed 17 --output sim
# GMT Sun Oct 13 15:01:57 2024
# 
0 709 964
1 969
2
3
4 108
5 327 735
6 833
7 251
8
9
10
11 963
12 847
13 319
14
15
16
17
18
19 379 837 920
20
21 24
22
23
24 805 528
25 278
26
27
28 616
29
30 814 591 213
31
32
33 557 797
34
35
36
37 895 219
38 10
39
40 296
41 650
42 553
43 998
44 20 185 809 784
45
46
47
48 380
49 745 884
50 434
51 47
52 715 698
53 923 222 483
54
55 94
56 163 264 305 676
57 422
58 360 317 751
59
60 42
61
62 254
63 835
64
65 713
66 606
67 133 375
68 111 714
69
70 298
71 739 643
72 377
73
74
75
76 100
77 993
78 154
79 107
80
81 83
82 550
83
84 568 747
85
86 836
87
88 427 509
89 929
90
91
92
93 228 256
94 824
95 75
96
97 16
98
99 761
100 425
101
102 726
103 98 561 981
104 466 891 542
105
106 280
107
108 18 149 227 756
109 393 238
110 581
111 243 162 687 363 432
112 399 959
113 947
114 304 915
115
116 966 725
117 880
118 741 626 759 914
119 361
120
121 37 406
122 71 127
123
124 853
125
126 122 486
127
128 151
129
130 967 93
131
132 861 196
133 948 819
134 28
135 937
136 563
137 900
138 284
139
140 125 230
141 723 308
142
143
144
145
146
147
148
149 523 749
150 579 112 409
151
152
153
154 194 589
155 14 450 757
156
157
158
159 615
160
161 173 321
162 996 477
163 320
164 962
165 91
166 180
167
168
169 246 854
170 984
171 614 182 331
172
173 842
174 787
175 383
176
177 357
178 493 775
179 116 985 438
180
181 484
182 197 982 662
183 415 673 909
184 6 612
185 43
186 829 999
187
188
189 150 799
190 693 519 816
191 670
192
193
194
195 774
196
197 783
198 89 322
199
200
201 54
202 168 364
203
204 844 467
205
206 525 492
207 531 945
208
209
210 176
211 474
212 997 795
213
214
215
216
217
218 15 293
219 919
220 532 773
221 49
222 481 931
223 46 731
224 820
225
226 19 310
227 169
228
229
230
231 291
232 124
233 275
234
235 472
236
237 404 708 860 882
238 994 954 529 535 817
239 390 502 958
240
241
242 971
243 950
244 902 261
245
246
247
248 236
249 62
250
251 241 801
252 852
253
254 351
255 212
256 405
257
258 85 754
259 324
260 648
261 537 577
262 458
263 599
264 444
265 624 448 435 728
266 105 668
267
268 171
269
270 157
271 613 239
272
273 370
274 718 691
275 311 158
276 202
277
278 973
279
280 988 574
281 961
282
283 607
284 413
285 932
286 210 678
287 543
288 359 732
289 641
290 990 303
291
292 804 551 587
293
294 785
295 473
296 514
297 27
298 627
299 995
300 301
301
302 928 878
303 344
304 464
305
306
307 796
308 30 175
309 721
310
311 288 61
312
313 64 345
314
315
316 498 262
317 248 743 935
318 307 690 229
319 192 193
320 255 665
321
322
323 955 865
324 600
325 952
326
327
328 297 654 146
329 92
330 346 818 231 885
331 309
332
333
334
335 131 736
336
337 329
338 95
339 4
340 273 652
341 585 69 938 279 609
342
343 571 211
344
345 148 440
346 80
347
348 778
349
350
351
352 428
353
354 533 74 755
355
356 366
357 76 916
358 621
359 126
360 711
361 490
362
363
364
365 812
366 84
367
368 512 651 953
369 983 573
370
371 402
372
373
374 318
375 306
376 876 392 67 965
377
378 417
379 178
380 451
381 623
382
383 410
384 975 856
385
386 730
387
388 724
389
390
391 456 159 143
392 341 155 449 191
393 949 205
394 790
395 974 536
396
397 217 225
398
399 941 145
400
401
402
403 987
404
405 555 922
406 688
407 356 807
408 733
409 887
410
411
412
413
414 859
415 208 384 454
416 777
417 354
418
419
420
421 374
422 863
423
424 21
425 806
426
427 657 558
428 45
429
430 683
431
432
433
434
435 218 851
436 407 850
437
438 500
439 99 358 418
440
441 81
442
443
444
445 635
446 776 831
447
448 339
449 226 270 908
450 507 701
451 719
452
453 549 769
454
455
456 12 664
457 970
458
459 864 70 680
460 894 905
461 636 656
462
463
464
465 488
466 617
467
468 367 658
469 580
470 946
471 214 336
472 416 661
473
474
475
476 8 414 926
477
478 934
479 772 791
480
481 638
482 559
483
484 798 281
485
486
487 25 114 235
488 188 597 547
489 704 177
490
491
492
493
494
495 655 200 681
496
497 362
498 595
499 899
500 282 455 897
501 960
502 645
503 144 314
504
505
506
507
508 808
509 696
510 7 452
511 11 572 349
512 63 913
513
514
515 608
516 992
517 637
518 927 530 659
519
520 216
521
522 872 633
523 901
524 106 951 779
525 391 494 871
526
527 789
528
529 763
530
531
532 41
533 55
534
535
536 939
537
538 647
539
540 396
541
542 485
543
544 546
545 752
546
547 469 541
548 839
549 742
550 618
551 497
552 289
553 620 566
554 433
555 385
556
557 717 978
558 716
559 496
560 244 13
561
562
563 855
564 252
565 771 841 186 695 737
566
567
568 689 373
569 134
570 51
571 302 371
572 569 128 746
573
574
575 265
576 526 762
577
578
579 38 237
580 632 669 867
581
582 873
583 376 283
584 503
585 233
586 793 77 258
587
588 2 132 137 457
589
590
591 832 893
592 32
593 184
594 172 944
595 889
596
597 968 508
598 400
599
600 888 877
601
602 675
603 412
604 792
605
606
607 58 164 398
608
609
610
611 594
612
613 343
614 201
615 335 821
616 989
617 348 642
618 118 930
619 325
620 285
621
622 590
623 161
624 634 518
625 332
626
627 166 253
628 234 447 892
629
630 31
631
632
633
634 565 48 115 397
635 911
636 72 471
637 141
638 780 610
639
640 224
641
642 326
643 766
644 88 347
645 411
646 874
647
648 338
649 57 520
650
651 505
652
653
654 368
655 160 269
656 90
657 625 682
658
659
660
661
662
663 765 315
664 828
665 527
666
667 109
668
669
670 240
671 465
672 845 337 539
673 838
674 815 857
675
676 534
677 104
678
679 604
680 603
681
682
683 97
684 463 750
685 760 912 386 666 849
686 153 653
687 135
688 424 933
689 697 461 515
690 223 170 195
691 439 605 834
692
693 420
694 207 720
695 686 468
696
697 936
698
699 68 957 513
700 495 353
701
702 822 263 287 294
703 692
704 323 198 875
705
706
707 980 628
708
709 436 53 103 825
710 521
711 120 674
712
713
714 770
715 430
716
717 811 479 622
718 744
719
720
721
722 977
723 60 242
724
725
726
727 588 286
728 729 538
729 748 470
730 350
731 203
732
733 272 956
734
735 660
736
737
738 602
739 727
740 619
741 517
742
743
744 672
745 586 516
746 584 491
747 316
748 245
749
750
751 277 846
752
753
754
755 232
756
757
758 199
759
760 5 800
761 562
762
763
764 56 110 943
765 257
766
767
768 702
769 862
770 445
771 3 722 552 462
772 598
773
774
775
776
777
778 290 36 644
779
780 29
781 630
782 712
783 826
784 96
785
786 781
787 942
788 52 142 700
789 73 883
790 179 250
791 924
792
793 189 136
794 906 408
795 710
796 174
797
798 26
799
800 34
801
802 249 312 369
803 972
804 378 843
805 333
806
807 575 355
808
809 260
810 266
811 300 740
812 786 592 86 123
813 768
814 764 810
815 576
816
817
818 117 138 295
819 706
820
821 443 782
822 276
823 437
824 381 475
825 102
826
827
828 671
829 881 401
830
831
832 165
833 907
834
835 139
836 640
837 870
838
839 629
840
841 9 204
842 352
843 802
844 140 247 446
845 1 524 480
846 827
847
848 504
849
850
851 442
852
853 147
854 631
855
856
857
858 489 17
859 65
860
861 50 426 544
862
863 511
864 271 918 215
865
866
867
868
869
870
871
872 976
873
874 478 183
875
876 274
877
878 101
879 564 342 554 734
880
881 268 66 79
882
883 684
884
885
886 848
887 330
888 421 649
889 813
890
891 522 582
892
893
894
895 259 858
896 593
897
898
899
900 429
901 167
902 476 753
903
904 667
905
906 694 601
907
908
909
910 925
911
912 394
913 921
914
915 910
916
917
918 59 387
919 129 190 453 869
920
921 119
922
923 788
924
925
926 663
927 646
928 35 40 78
929
930 487 340
931 423 548 917
932 685 372
933 267
934 986 431
935
936 121 181
937
938 758
939
940 313
941 39 382 639
942 583
943 886 830
944 545
945
946
947 560
948 113
949 896 707
950 677
951 388
952 389
953 890
954 419
955 206 22
956 803 596
957 299
958 482
959
960
961
962
963
964 395 365
965
966 699 794
967 82 823 991
968 403
969 130
970
971 898
972 506 767
973 904
974 328 87
975 738 868
976 334
977 33 501
978
979 705 903
980 44
981
982 567 578
983 499
984 570
985 940 187
986 221 23
987
988 152 840
989 879
990 459 979
991 460 679
992 441 556
993 156 611 703
994 510
995
996 220
997 292
998 209
999 540 866
