#/Users/schmidt73/Desktop/fastppm-data/bin/simulate.py --mutations 1000 --samples 3 --coverage 1000 --seed 19 --output sim
# GMT Fri Sep 13 14:27:21 2024
# 
0 210 667
1 358
2
3 844 286
4 60 360
5
6 944
7 455 369 574
8 570
9
10 997
11
12 340
13 925
14 727
15 812 293
16 29 412
17 663 557 435
18
19 704
20 305 537 910
21 878
22 289 632 536
23 981
24 141 966
25 271 731
26
27 631
28
29 608 626
30 747
31 93 886
32 721 276
33 406 930
34 652 588 972 582
35 807
36
37
38 643 192
39 136 167 993
40 976
41 173
42 128
43 566
44 639
45
46 642
47 287
48
49 575
50
51 163
52 254
53 7
54 260 971
55 400 316 417 948
56 853
57 430
58
59 43 983
60
61 480 386
62 854 462 280
63 668
64
65 778 44 615
66
67 213
68 283
69 341
70
71 285
72
73
74 980
75 403 469 945
76
77
78
79 6 331
80
81
82 957
83
84
85 531 619 684
86 628
87 883
88 484 781 796
89 61 338 738
90 908
91
92 986
93 594
94
95
96 935 786 168
97 794 696
98
99
100
101 770 447
102
103
104 463 497
105
106
107
108
109 909
110
111 956
112 250
113 94 893
114 785
115
116 420
117 443
118 620 892
119 319 133 683 155 726 580
120 41
121
122 897
123 869
124 275
125
126 710
127 767
128 8 456
129 258
130 491 730
131 589 264 422 877
132 423
133 109 390
134 926
135
136 959 121 995
137 917
138
139 673
140 374 556
141 690
142 864
143 529
144 644 432 870
145 203
146
147 890
148 228
149
150
151
152
153 866
154
155 744
156
157
158 720
159
160 885 894
161 633
162
163 408
164
165
166
167 97 236 904
168
169
170 850
171 162 559
172 77
173
174 229
175 715
176 186
177 445 247
178
179 135
180 599
181 742
182
183 670 597 804
184 107
185
186
187 102
188
189
190
191
192 389
193
194 126
195 142 725 303
196 857 325
197 701 985
198 616 294
199
200 138
201 98 145
202 933 825
203
204
205 709 906
206
207
208 118
209 348
210 952 534 882 991
211
212 309 946
213 937 209
214 776 793
215
216 204
217 436 691 872
218 92 783
219
220 336
221 222
222 57
223
224 39
225 214
226 22 125
227
228
229
230 237
231 164 645
232 751
233 158 344
234
235 312
236
237
238
239
240
241
242 932
243
244 132 746
245 998
246
247
248 418
249 306
250 119
251 442
252 735
253
254 768
255
256 612 564
257 740
258
259 111 281
260
261 653 470
262 707
263 827 307 426
264
265 274
266 394
267 622 550 614
268
269
270 429
271 69 439 648
272
273 603 674
274
275 310
276
277 224
278 613
279
280
281 143
282 89 813
283
284 428
285 862
286 218
287 912
288 598 593
289 958
290
291
292
293
294
295
296
297
298 562 836
299
300 871
301 170
302 110 392 375
303 405
304
305 398
306 211
307
308
309
310 59 212 745
311 174
312
313
314 372 383
315 234
316 965
317 53 302
318
319 572
320
321 634
322
323 583 256
324 489
325
326 895
327
328 396
329 129
330 611
331
332 322
333
334 552
335 382 889
336 569
337 62 942
338 37 799
339 502 741
340
341 419
342 773 244 263 923
343 803
344
345
346 687
347 427 373
348 576 415
349 104
350 413
351 791 193
352 549
353 144
354
355
356
357
358
359
360
361
362 161 172
363
364 18 85 205
365
366
367 555 243 391
368 863
369
370 873
371 101 452
372 568
373
374 859
375
376 988 38 724
377 637
378
379
380 641
381 752
382 814
383
384
385
386 71
387 154 680 898
388
389
390 282
391 272
392 151
393 828
394 675
395 108
396
397
398 960
399 920 175 494
400 659
401
402
403 416 543 238
404 166 845
405
406 124
407
408 195
409
410 434 507
411
412 485 123 137 999
413 328
414 595
415
416 362 772
417 618
418 75
419 606
420 1 938
421 267 585 592
422 474
423 518
424 324
425 498
426 865
427 654
428 81
429 861 601
430 410
431 72
432 591
433 200
434 251 320 409
435 858
436
437
438 182 219
439
440
441
442
443 749 34 698 947
444
445 15 80
446 578
447 520
448
449
450 881 269
451
452
453 42
454 221 378
455 122
456 63 326 669 880
457 544
458
459 964
460
461
462 425 227
463 13
464 719
465 268 440
466 401
467
468 367 798
469 351 444
470 2
471 671 607
472 82 295 515
473 539
474 495
475 530 181
476 640
477 852 458
478 509
479
480 14 501
481
482 621 91 647
483
484 202
485 977
486 27 635
487
488 779 903 134
489 342 421
490
491 194
492 581
493
494
495
496 838
497
498 100 924 441
499 954 492
500 929
501 327 782
502
503
504 590
505 189 646
506
507 822
508 334 790
509 199
510
511
512 482 649
513 253
514
515
516 931 820
517
518 48 755
519 834 676 361
520 600
521 446 558
522 206 868 693
523
524 404
525 711 911
526 806 604 949
527 508 811 737
528
529 45 528
530 177 300
531 840
532 832
533
534
535 50
536
537
538
539
540 346 918
541 292 723
542 839 185 461
543 951
544 67 379
545
546
547
548
549 35 471
550
551
552 127 762 627
553
554
555 519 83 357
556
557 184 178 692
558
559
560 939
561 21 625 313
562 677
563 150
564
565 450 52
566 686 354 856
567
568 541 532 784
569
570 298 780
571 246 874
572 4
573 70
574
575
576 787
577 273 851 967
578 95
579
580 733
581
582
583 337
584 513
585 504
586
587
588 5 232 385
589 934 411
590
591 187 771
592
593
594 739 524
595 561 714
596 261 706 290
597 76 231
598 197 248
599 46
600
601 216 481
602
603
604 146 729
605 990 356 830
606 702
607
608
609
610
611
612 131 765 291
613
614
615 817
616 500 106 505
617 475
618
619
620 682
621 84
622 130
623 975
624 407
625 512
626
627
628 335
629
630
631
632 657
633 488 809
634
635 499 433
636 901
637 459
638 314
639 586
640
641 664
642 233 826
643 226 308
644 47 560
645
646
647 655
648
649 846
650 277 542
651 11 849
652 31 54 919
653 961
654 713
655 950
656
657 563
658 239 610
659 431
660
661 996
662 700
663 153
664
665 875
666
667 884 191
668
669
670 33
671 384
672
673 689 523
674 899
675 343 665
676 159 217 953
677 65 805 540 370
678
679 546
680 922 493
681 301 940
682 565
683 349 68
684
685
686 831
687 171
688
689 25 553
690 651 989
691
692 734
693
694 350
695
696
697 190
698 364 545
699 355
700
701 819 380
702
703 3
704 688
705
706 188
707 810
708
709 311
710 833
711
712 525
713 208 55
714 156
715
716 148 823
717 323
718
719 165
720 855 548
721 105
722 477 353 230
723
724 330 473
725 225 554 728
726 120
727 774
728 978
729
730 223
731
732 662
733
734
735
736
737
738 113 240
739 453
740
741
742
743 241
744 266
745
746
747
748 368 365
749 96 112 987
750
751 533
752 829 265
753 23 32
754
755
756 169
757 708
758
759 345 388
760
761
762 722
763 703
764 304 451 712 579 587
765 697 466
766
767 994 916
768
769 180 516
770 454 201
771
772 605
773 414 630
774 941
775
776
777
778 905
779 9
780 815
781 249
782 816
783 521
784
785 979
786 347 393 902
787 157 220
788 40
789
790 387 437
791 788 438
792 596 681 847
793
794 299
795 352 64 87
796
797 235
798 969
799 694 754
800 183 750
801 584 624 736
802 970
803 36
804
805 28 795
806 636 242 479
807 943
808 760
809 278
810
811 464 629
812 315 672
813
814 638 761
815 717
816
817
818 661
819 259 716
820
821 20 748
822 476 538
823
824 139 160 296
825 490 656 936
826
827 149 297 339 699 503
828
829 424 758
830
831 573
832
833 483
834 457 73
835
836
837 333
838 12
839 198
840
841
842 789
843
844 10 602 757
845
846 867 915
847
848 718
849 900
850 66
851
852 90 514
853 921
854 140 802
855 449
856
857 371
858
859 399 78
860
861 381 284
862 103 842
863 329 705
864 763
865
866 117
867 207 510
868 914 955
869
870 321
871 468 511 992
872
873
874
875 526
876
877
878 51
879 115 460
880
881 317
882
883
884 617
885 764 609
886
887
888 179
889
890
891 448
892
893 571 695
894
895 876
896
897 30
898
899
900
901 99 984
902 963
903 114 775
904
905 270 982
906
907 792
908 19 522 547
909 24 16 666
910
911
912 26 879
913 288 753 363
914 837
915 973
916 756
917
918 487
919
920 496 650
921 551
922 255 860
923 623
924 395
925 732
926 366
927 257
928
929 472 252
930
931 359 891
932 759
933 486
934 147 658
935 377
936
937 824 888 152
938
939 465 577 467
940 743
941 86 402
942 262
943
944 678
945 176 685
946
947
948 848
949
950 245 841 887
951 478
952 907 808
953
954 769 801
955
956 818
957 797
958 800
959 88
960 318 896
961 74
962 215 397
963 679 835
964 527
965 332
966
967
968
969 974
970
971 506 777
972 927
973
974 56
975
976
977 535 58
978
979
980 913 517
981 196 279 660
982 376
983
984
985
986 962 766
987 843 928
988 79
989
990 821
991
992
993 567
994 116
995
996 17
997 49
998
999 968
