#/n/fs/ragr-research/projects/fastppm-data/bin/simulate.py --mutations 100 --samples 3 --coverage 100 --seed 11 --output sim
# GMT Sun Oct 13 15:00:03 2024
# 
0 58
1 12
2 11 28
3 1 27
4 68
5 39
6 22 76
7
8
9 87
10 24
11
12 91 15
13 6 54
14
15 99
16
17 48 49
18 36
19
20 4
21 43 97
22 60 30
23
24
25 9 10
26 37
27 82 34
28
29 40 45
30
31 17 19
32
33 38 66
34
35 95
36 88 84
37 46
38 13 23 64 83
39 2 26 92
40 67
41 20 78
42
43 65 69
44 90
45
46
47 77
48
49
50
51 7 93
52
53
54
55 5
56 33 74
57 61
58 18 31
59
60 3 79
61
62 55
63
64
65 35
66
67 72
68 8 42 63
69 41 59
70 52 80
71 47
72 25
73 89
74
75 62
76 51 50
77
78 53
79 71 86
80 96
81 94 14
82 29
83
84
85
86 98
87
88 56 44
89 21 70 57
90
91 81 32
92 85
93
94 73
95 75
96
97 16
98
99
