#/n/fs/ragr-research/projects/fastppm-data/bin/simulate.py --mutations 1000 --samples 3 --coverage 100 --seed 18 --output sim
# GMT Sun Oct 13 15:01:17 2024
# 
0 968
1
2 49 980 984 304
3
4
5 272
6
7
8 750 863 234
9 568
10 823
11 571
12
13
14 476 579 617
15 62
16 789
17
18 772 912
19
20
21 497
22 82
23 722
24
25 735 197 119
26
27 123
28
29 306 537
30 807
31 479
32 550
33 402
34
35
36 783
37 410 794
38 533
39 631
40 899
41
42
43
44
45 363 847
46 727
47
48 765 692
49 556 426 114
50 966 628 385 804
51 760 507
52
53 460
54
55 125
56 595 652
57 719 764 59 540 443
58
59 72
60
61
62 174
63 407
64
65 441
66 629 503 570
67 81 314
68 822 963 889 212
69
70 926
71 477 480 269
72
73 128
74 88 791
75
76
77
78 561 686
79
80
81 846 967
82 818
83
84
85
86
87 685 252 427
88
89 549 472
90 311
91
92 986 337 335
93 743
94
95
96
97 876
98 334
99 260
100
101 615
102 619 19
103 307
104 99 862
105 152
106 396
107 359
108 343
109
110 305 864
111 195
112 462 316 546
113 795
114 371
115 667
116 384
117
118
119 354
120 345
121 321 916 833 739
122
123 865 673 835
124 64
125 501
126 684 618 898
127
128 249
129
130 3 670
131 20 599 138 198 328
132
133 194 657
134 679 701
135
136 777 894 785
137
138
139 171 723
140
141
142
143
144 756 300
145 830 353
146
147 275 519
148
149 298
150 390 447 717
151
152
153 576
154
155 769
156
157 417
158
159 135
160 547
161
162 362
163 603
164 646
165 604
166 473
167 42
168
169 118
170 161
171
172 957 927
173 148
174 826
175 226 450 815
176 70
177
178 202
179
180 380
181 105 545 580
182 344
183
184
185
186 755 730
187 796 715
188 976
189
190
191 597 827
192
193 200
194
195
196
197 357 327 711
198 991 714 969 978
199 892
200 790
201 147 248
202 406
203 593
204
205
206 913 287
207
208
209
210
211
212
213 227 61
214 347
215 4
216 921
217 94
218
219
220 9 857
221 496 74
222 878 302 583 890
223 919 512 843
224 774
225 767
226
227 627 422
228
229 364
230 387 340
231 84 308
232 330
233 401 834
234
235
236 60
237 745 190 386 918
238 13
239 752
240 437
241 270 888
242 924
243
244 587 405 678 989
245 48
246 612
247 494
248 665
249
250 110 527
251 522 69
252 310
253
254 57
255
256
257
258 938
259 209 952
260 901
261 529
262
263
264 54
265
266 101 289
267 883
268 230 555
269
270 185
271
272 700 672
273 697
274 508 874
275 906 7
276 849 184
277 855
278 453 891
279 397
280
281 492
282 841
283
284 329 950
285
286 27 758
287 278
288 836 372
289
290 222 58 283
291 5 606
292 322
293
294
295
296 439
297 192 295
298 466
299 683
300
301
302
303
304 398
305
306 221
307
308
309
310
311 286 116 803
312 457 885
313
314 531
315
316
317 177 391
318
319 832
320
321 534
322
323
324
325 355 276
326 238
327
328
329 169
330 106
331 104 280
332
333 552
334
335
336 352
337 211 632
338
339 346
340 257
341
342 11
343 923
344 504 267
345 207 456
346
347
348 786
349
350
351 641 928 635
352 131
353 748
354
355 931 17
356
357 611
358
359
360 560 216
361 245
362 490
363 242
364 992
365
366
367 551
368
369 168
370 247
371
372
373 831
374 266
375 144
376 97 682
377
378 866
379
380
381
382
383 524
384 75 370
385 196
386
387 136
388 25
389
390 172
391
392
393
394
395 1 449
396 691
397 294
398 908
399 219
400 333
401
402 373
403
404 541
405
406 141
407 649
408
409 393
410 586 761
411 435
412
413 720 502
414
415
416
417 751
418 55 609
419
420
421 805 250 656
422 486
423 729 759 935
424 493 709 338
425 724
426 35 229
427 979
428 762
429
430 506
431
432 107 239
433 792
434 558
435
436 780 14 51 179 218
437 538
438
439 511
440
441
442
443 499
444
445
446
447 954
448 766 922
449
450
451 160
452 409 842
453 554 602
454
455 282
456
457
458 530 721
459 331
460 975
461 592
462 325
463 86 111
464 224
465 706
466
467 336
468 445
469 659
470 126 710
471
472
473
474 853
475 740 746
476
477 812
478 425
479 588
480 146 189 309
481 165 977
482 112 37
483 2
484 102
485 451 742
486 600
487 265 956
488
489 535 574 754
490 475
491 83
492 811 256
493 887
494
495 645
496 731 424 861
497 718
498 675
499 232
500 264 589 909
501
502 648
503
504 208
505 495
506 166
507 204
508
509
510 360 241
511 100
512
513
514 313
515
516 191
517
518
519
520
521
522 8 930 965
523
524 320
525
526 167
527
528 601 844 757 474
529
530
531 856
532
533
534 215
535 21
536 896
537
538 677
539
540 258
541 87
542 949
543 40
544 663
545 382 778
546 420
547 181
548 848 98 517 882
549 455
550
551 39 485
552 91
553
554
555 664 124
556 737
557 824
558
559 108
560 395
561 430
562 323
563 690 973
564 487
565
566
567 548 24 292
568 213
569 787
570
571 173 694 379
572 317
573 326
574 214
575
576 262 341
577 237 296
578
579
580
581 610
582
583
584
585
586 418 389
587 982 596
588 728
589
590
591 920 187
592 779 516
593
594 716
595
596
597 56
598 575
599 999 933
600 243 383
601 67 10
602
603 255
604 470 953
605 828
606 319
607
608 85 569 808
609
610
611 658 955
612 356
613 567 687
614
615 981
616
617
618 900 947
619 68
620
621
622 324
623
624 736 871
625 939
626 498 704
627 33 423
628 374 845
629 361
630 566
631 513
632
633 520
634 526 800
635 914
636 31 734
637 703 163
638
639 274 536
640 505
641 143 776
642 521
643
644 235
645 797
646
647 637
648
649
650 175 770
651 543 814 206
652
653 95
654
655
656 127 358
657
658 46 412
659
660
661 259
662 613
663 468
664 799 705 929
665 180
666
667 539
668 819 228 837
669
670 465
671
672 186
673 643
674 515
675 293
676 442
677
678 821
679 23
680 688
681 16 616
682 747
683
684 30
685 869 544 660
686
687
688
689 411
690 959 318 590 773
691
692
693 113 115
694 183 377
695
696 650 829
697 813 416
698 158
699 188 897
700 708 182
701 369
702 170 936
703 220
704 348 726
705
706 788 199
707
708 983 875 45 155
709 261
710
711
712 993 605
713 399
714
715 365
716 996 263
717
718 557
719 421 76
720 157 655
721 680
722
723
724 858 562
725
726 917 669
727 271
728 738
729 231 156 775
730
731 121 523 839
732 392 994 880
733 859
734
735 254
736 867
737 281
738 12 749
739 741
740 625
741
742
743
744
745 461 852 77
746 638
747 253 695
748
749 995
750 50
751 484
752
753 93
754
755 990 733
756 236 63 448
757 78
758 428 798
759 961
760 971 52 771 951
761 153
762 132
763 713 850
764 840
765 277 440
766
767
768 79 626
769
770
771
772 454
773
774 145 872
775 817 707
776
777 962 481 381
778 532
779 367
780 291
781 6 911
782 500 998
783 732
784 948 877 582
785 810
786
787
788 591
789 763
790 117
791
792
793 851
794 415
795 941
796 36 403
797 802
798 137 140
799 22 297
800 434
801
802
803
804
805 647
806 467
807 133
808
809 366
810
811 89 509 970
812 290 668
813 945 806
814 400 702
815
816
817 696
818
819 491
820 489 584
821
822 244 150
823 80 193 154
824
825 937
826 854
827
828 525
829 671
830 895 431 581 972
831 469
832
833 564
834
835
836 432
837
838 676 565
839
840 573
841 130 985
842
843
844 712 640
845 781 122
846 482
847
848 273 375 350
849 483 974 902
850 654
851
852 651
853 753 103
854
855 205 240
856 634 782
857
858 43 279 301
859 942
860 164 578
861 463 394 997
862 349
863 636 471
864
865 41 378
866 288 151 433 932
867 159 699
868 662
869 178
870 934
871
872
873 90
874
875 38 623 915
876
877 988
878 134
879 26
880 458
881 940 725
882
883
884 436 303
885
886 315 943
887 563 816
888 838
889 572
890
891
892
893
894 66
895 96 408
896 886
897 801
898
899 176
900 47
901 413 644 903
902
903
904 698 905
905 598
906 884 825
907
908 542
909
910 92 438 946
911 621
912 585
913 624 332
914
915
916 28 693
917 809
918 907
919 376 351
920 987 129 639 444
921 339
922
923
924 284 312
925
926
927
928 299
929
930 464 514
931 510
932 620
933
934 459 944 559
935
936
937 964
938 223 203
939 681 608
940 342 142
941
942 653
943 446 488
944 577 630
945 881 285
946 893
947 225 246 689
948 15 139
949
950
951
952
953
954
955 210
956
957 607
958 528 784 268
959 162
960
961
962 820
963 73 904 793
964 642
965 233
966 958 53
967
968 910
969
970
971 71 478
972 960
973 217 925
974 860
975
976
977 744
978
979
980 34 666
981 870 419
982 201
983 388 873 44 404
984 768 109
985 553
986 251 120
987 29 518
988 65
989
990 594 674
991 149 614
992
993 868 32 368 452
994 429
995 633
996 18 661
997
998 622
999 879 414
