#/Users/schmidt73/Desktop/fastppm-data/bin/simulate.py --mutations 2500 --samples 3 --coverage 30 --seed 2 --output sim
# GMT Fri Sep 13 14:29:07 2024
# 
0 101 738
1 1061 2432
2
3 68 656 993 510
4 1224 1483
5 350
6 1398 1304
7 112
8 2204
9 2103
10
11 1496
12 1750
13 1270
14 83 893 771 1686
15 1961
16 1901 1954
17
18
19 193 1498
20 2110
21 495
22 2435
23
24
25 1455
26 126 914
27
28 444
29 1181
30 1703
31
32 875 1806
33 1866 1362
34 1318 1608
35 2227 2390
36 735
37 1072
38 2356
39 149 1163
40
41 2108 2124
42
43
44
45 920
46 1727
47 2388 314 783
48
49
50 1667
51
52 1588
53 859 2072
54 1265
55 1677
56 1693
57
58 2026 1697 1404
59 933
60 1502
61
62 1145 2244
63
64 925 1525 2059
65 769
66
67
68 2123
69
70
71
72
73
74
75
76 484
77 1595 2030 2150
78 505
79 741 1122 2309
80 2485 1014
81
82
83 1321 1573 445
84 552 821
85
86 10
87
88 1823 901
89
90 1683
91 2358 1352
92 1178 1284
93 1529
94
95
96 591
97 745 2090 2478
98 1880
99
100
101 976
102 619
103 1076
104
105 120 611
106 1917
107 2265 1351
108
109
110
111
112 147
113 1147 2308
114
115
116 1466 2328
117 677
118
119 766 641
120 1824
121 109
122
123
124 1495
125 1173
126
127 2343 2315
128 1803
129 2130
130 2307 2171
131 560 652
132
133 213
134
135 2476
136 1793
137
138
139 1139 1202 2135
140
141 271
142 524 1415 2412
143 716
144 107
145
146 1079 1303 1698
147 1208
148 2187
149 1001
150 918 2287
151 2249 367
152 1494
153 1414
154 1116
155
156 888 1294
157
158 887 2129
159
160 2277 1215
161 2319 1607
162
163 1985
164
165 1679
166
167 541 2403
168
169
170
171 391
172
173 1050
174 1739
175 529
176 1553
177 594 1534
178
179
180
181 1194
182 1591
183 43
184 1236
185 2180 1055
186 802
187 1420
188 1767 2134
189 1198 270
190 692 1229 2492
191 2306
192
193 1290
194 2094
195 579 70
196 798 1037
197 942 2194
198 1664
199 554 1216
200 1517 1692
201 1736 2394
202 231
203 1682
204
205
206
207 2498
208
209
210
211 253 1430
212
213 1999 1658 143
214 1285 1333
215 295
216 1766
217 2074
218 2100 1882
219 999
220 11
221 1179
222 1712 1149
223
224 608
225 549
226
227 660
228 809
229 584 895
230 597
231 72 1476
232 2005
233
234 1246
235 84 1231
236 1779
237 860
238
239
240
241
242 1889
243 755 899
244 1681
245
246 106
247 728
248 370 1826
249 528
250 2154
251 596
252 1618
253 1427 957
254 1522
255 1086 2231
256 891 697
257 1158
258 1150 1138 748 2008
259 1967 329
260
261 1752
262 1042
263 17 823 1196 1638
264 724
265
266 1885
267
268 31
269 1579 617
270 1859
271 1248 1647
272 2329 2247
273 960
274 1052 2068
275
276 1726
277
278
279 2335 545 1716 1997
280
281
282
283 1094 1964 1041
284
285
286 207
287 308 1756
288
289
290
291
292
293 2452
294 1306
295 244 1217
296 1992
297 1245
298
299 2028
300 411 1487
301
302 381 715
303 1371
304 855 533 2079
305
306
307 2339
308
309 2112
310 1491
311
312 1360 441
313 25
314
315 623 1403
316
317
318 1802
319 811
320 1274
321 348 1871
322
323 1105
324 779 818
325
326 1174 1067
327 2111 2311
328 2480 1657
329
330 535 1423 2018
331 509
332 1267
333 1639
334 946 218
335
336 796
337 327 478 867 1881
338
339
340 816
341 879 955
342 2065 2376
343
344
345
346 1166 1467
347
348
349 1549
350
351 504 1142
352 1140 1033 1419
353 758
354
355 2246 1393
356
357 881
358 1713
359
360 458
361
362 767 949
363
364 1282 1918
365 562
366 487 2323
367 565
368 289 570
369
370 847 1091 1942
371
372 1678
373 1503
374 563 1934
375 1368
376 1428
377 32 1531
378 1715
379 1448
380
381
382 282
383
384
385
386
387
388
389 118
390 2298 963 2218
391 737
392 681
393 359 1200
394
395
396 1258 794
397
398
399 1201 1636 1849
400
401 1441
402
403 2350
404
405 1151 425
406
407 200 1012
408
409 321
410
411 1435 455
412
413 639
414
415 211 2301
416 71 91 178
417
418 1975 27
419 2119
420
421
422 644 1609
423
424 50 956
425 472
426
427 1532 691
428 2000 559
429 2396
430 1509
431 155
432 2096
433 1872
434
435 2219
436 19
437 87
438 1913
439
440 830 2482 575 1820
441
442 676
443 1023
444 2261
445 430 768
446 1298
447
448 2422
449 621
450
451 1293
452
453
454 1452
455
456 704
457 2380
458
459
460
461
462 2282 1905
463 1493 1701
464 729 1753
465
466
467
468
469
470 431 668
471 1655 2063
472
473 1092 1214
474 133 1309
475
476 216
477 815
478
479 2384
480
481 719
482
483 274 761
484
485 650
486
487 1328 60
488
489 1183
490 574
491 483
492 413 1220
493 2386 1800
494 41
495 429 1971
496 23
497 392
498 1995 488 1925
499 835
500
501
502 1444
503 1533
504 2215 1848 1121
505
506
507 1053
508
509 1134 1515
510 1619 1624 1854
511 850 2395
512 117 1189
513
514 1077
515
516
517 1219
518
519 2421 698 2372
520 2417 2374 1115
521
522 140 1714
523
524 2208 1886
525 2017
526 1204
527 165 2283
528 48 62
529 1308
530 995
531 66 2382
532 1973 2055
533 2049
534
535 739
536
537
538
539 1868
540 69
541 195 2349
542
543
544 930
545
546
547 2355
548
549 2413
550
551 938
552 1814 1504 1929
553
554 1126 1758
555 526 1103
556 24
557
558 291
559 1330
560
561
562 1963 1891
563
564 379
565
566
567
568 653 1256 1857
569 1316
570 376
571
572 620
573 269
574 507
575
576 828 2360
577
578 219
579 1228
580 775 194
581 186
582 928
583 2009
584 590
585
586 685
587
588
589
590 2198
591 331
592 625
593
594 2334
595 694 357 826 842
596 1606 1063
597
598
599 336 2275
600 820
601 229
602 972
603
604 1339
605
606 1486
607 2060
608 2041
609 1400 1429
610
611
612
613
614
615
616
617 2201
618
619 482 2045
620 86 497 1865
621 145 1222 1637
622 2024 1610
623 2471
624
625
626 1162
627 1508
628
629 1747
630 1255
631 1979
632 1226 364 2037
633 1307
634 90
635
636 2251
637 1074
638 770
639 2014 1962
640
641 1930
642 1597
643 1950
644 1774
645
646 158 2391
647 573 2035
648
649 415
650 2294
651
652 1363 1935
653 1167
654 2175
655
656 440
657 2066
658 2047 977 2430
659 1956
660 98
661 1184
662 1970
663 1630 1825
664 682 958 1106
665 79
666
667
668
669
670 2423
671 2238
672 908
673 786
674
675 301 2324
676 712
677 2061
678
679 1696
680
681 1073
682 678
683 485
684 571
685
686
687 1869
688 1459
689 1858 1620
690
691 1188 840
692 1589 277 2363
693 1376
694 1141 1757
695 569
696 1584 1045
697 1322
698
699 2455
700 646 1250
701
702 1592 926
703
704 2428
705 230
706
707
708 2475
709 1002
710 102
711
712 85 742
713 45
714
715
716 372 1550
717 2276
718 2126
719
720 599
721 261 493
722 582
723
724 2299
725 962 2242 1551
726 1944
727
728
729 861 1738
730 1129 1552 986
731
732 2184
733
734 2484
735 2224 1528 2286
736 1748 781 805
737 436
738 2237
739 1124 696 1331 610 1782
740 2146
741
742
743 788 1059 2486
744
745
746
747 2122
748
749 108 275 1402
750
751
752 1
753 1433 1485
754 1841 1790 1981
755 2156 2225
756 76
757 921 2245
758 841 2019
759
760
761
762
763
764
765 42
766 2064 224 1851
767 2389 1940
768
769 878 494
770 448 1254 1457 1557
771 1089 1289 2155
772 2081
773 1062 1513 1343
774 872 414
775 1834
776 725
777 581 564 1031
778 159 240
779
780
781 1605
782 889
783
784
785 1511 1159 1722
786 260 1804
787 657 1894
788
789
790
791 1385
792
793 550 2303 1875
794
795 7 265
796 26
797 1645 1057
798 22 870
799
800 1892
801
802
803 100 2310
804 1644
805
806
807
808
809
810 824
811 1394 1007
812
813
814 1728 2248
815 1938
816 1237 1154 1542 2263
817
818 1482
819
820
821 2167 184
822 844 1127
823 1772 832
824 192
825
826
827 2077
828 132 913
829
830 115
831
832
833
834 2468 1249 257
835 1787 1939
836
837 2467 2140
838
839
840
841 398
842
843
844 1098
845
846 988
847 2271
848 1125
849
850 243 1473
851 1326 1541
852
853
854 1742
855 33 1838
856 1025 2316
857 1808 1334
858
859 1133
860 258
861 206
862 776 1411
863 1724 1152 744
864
865
866 2414 203
867
868 2216 917 1923
869
870
871 1842 2002
872 1672 675 1065 1171
873 1004 2252
874 460 1902 1454 2499
875 2433 199
876
877
878 1613
879 1085
880
881 851
882
883 1131
884 1026
885 874 2293
886
887 1988 1369
888 1725
889 2073 1365 1755
890 406
891 1919 2075
892
893 12
894 869
895
896
897 1893
898 2087 2385
899 2195
900 819 1732 1165
901 2454
902 2174
903
904 1338 1991
905
906 2379
907
908 1539
909 139
910 366 1038
911 1262
912 394
913 1032
914
915 237
916 2148 2104
917 1405 2199
918 1601 1341
919 215
920
921
922 939
923 506 518
924 325 2338 2236 825
925 882
926 603 952
927 281
928
929
930 2469
931 1567 2062 1123
932 424 1818 530 1271 1695
933 356
934 1389 2089
935 469
936
937 2483
938 1909
939
940
941
942 1481
943 2106
944 894
945
946 183
947 124
948 747
949 1488 2302
950
951 1840
952
953
954
955 434 2444
956 720 567
957 2001 1422
958 1185
959
960 442 2200
961
962 1763
963 1465
964
965
966 1211 1867
967 971 1440
968
969 1989 2228
970 907
971 658
972
973
974 191
975
976 319 2451
977 542
978
979
980 2217
981
982 2463
983 606 1000 1327
984 1845 2102
985
986
987 58
988
989 2182
990
991 2181 1022 1706
992 1632 845 2161
993 473
994 1244
995 839 1470
996 223
997
998 2470 1922
999 1449
1000
1001 151
1002 416 1883
1003
1004 161 1816
1005 709 1108 1986
1006 701
1007 1442
1008
1009
1010 189
1011 2
1012 306
1013 1046 853
1014 2207 2020
1015 467 2346
1016
1017 2034
1018
1019 1030 1280
1020 1097 2331 1731 1136 1439
1021
1022 1562
1023
1024
1025
1026
1027
1028 1521
1029
1030
1031
1032 410
1033
1034
1035 263
1036
1037 1642
1038 1020
1039 1319
1040 1822
1041 1461
1042 1195
1043
1044 2211
1045
1046 1354
1047
1048
1049 2420 973 1413
1050 396 375 961
1051 1325 1412 1649
1052 2353 980
1053 1416
1054
1055
1056 1773
1057
1058 2347 55
1059
1060 1397
1061
1062 2258 1396 546
1063 1377
1064 924
1065 1157
1066 1207
1067 2095
1068 2233 4 1320 1711
1069 292
1070 2048 419
1071 2472 1119
1072 2431
1073 464 2292
1074 285
1075
1076 710 2336
1077 1024
1078 1596 951 2361
1079 1337 1968
1080 1443 1424
1081 2040 622 250
1082
1083
1084 1268
1085 717
1086 1463 1160
1087 2341
1088 1977
1089 1043
1090 1831
1091 711 2378
1092
1093 2027
1094 20 175
1095
1096
1097 2189 1199
1098 1965
1099
1100
1101 1582 1172 1490
1102 304 2285
1103 2188
1104 233 731
1105
1106
1107 932 2144
1108
1109
1110 2352
1111
1112 1612 34
1113 2250 105
1114 2133 1912
1115
1116 1286
1117 1479 959
1118
1119
1120 1581 1507 1083 2120
1121 2093
1122
1123 1048
1124 2163 945
1125
1126 2254
1127
1128 393
1129 405
1130
1131 1527
1132 256 2169
1133 1617
1134 232
1135 1260
1136
1137
1138 531
1139
1140 991 2058
1141 2368 763
1142 612
1143 2143
1144 54
1145 404 1312
1146
1147 227
1148
1149 153 935
1150 150 979
1151 1361 435
1152 320
1153 1809
1154
1155 202 452
1156 501
1157 1275
1158
1159
1160 1743
1161 1238
1162
1163
1164
1165
1166
1167 283
1168 313
1169 471 1585
1170
1171
1172 1295
1173 695
1174 93 389
1175 1346
1176 551
1177 885 1910
1178 14
1179 2445 2220 2427
1180 1583
1181 343 457
1182 1921
1183
1184 420
1185
1186
1187
1188 593 1227
1189
1190 2043
1191
1192
1193
1194 807
1195 553
1196
1197
1198 1843 2076
1199 397
1200 2474
1201 511 1018
1202
1203
1204 2214 198
1205 1916
1206 953 2377
1207 1860 2405
1208
1209
1210
1211 162 1390
1212
1213 1983
1214
1215
1216
1217
1218
1219
1220
1221 1475
1222
1223
1224 1049
1225 2137 1680
1226 1011 2010
1227 746
1228 663
1229
1230 1943
1231
1232
1233 950
1234 1955
1235
1236 456 1034
1237 2109 421
1238
1239 333 278
1240 2436
1241 1984
1242
1243 1081 2033 2400
1244 941
1245 1878
1246 1839
1247
1248
1249 627 615 2437
1250 1297
1251
1252
1253 947 438 2479
1254 936
1255 1221
1256
1257 174 353 2032
1258 1749 180
1259 1544 433
1260
1261 1456
1262
1263
1264 1510 2373
1265
1266 1556
1267 1765 1600 1323
1268 2213
1269 1287
1270 251 1668
1271 997
1272 1013
1273
1274
1275
1276
1277 967 905
1278 2004
1279 1104
1280
1281
1282 866
1283 2206 470 368
1284
1285
1286 1850
1287
1288 1705
1289
1290 190 51
1291 1996 1914
1292 144 401
1293 1087
1294 1313
1295
1296 2092 1212 1218 1987
1297 2176
1298
1299 886
1300 2317 2333 1272 2159
1301
1302 1016 1906
1303
1304 1350
1305
1306 179
1307 1626
1308 978
1309 1575
1310 2177
1311
1312 2453
1313
1314
1315
1316
1317
1318
1319 409
1320 1239
1321 1907 754 2158
1322
1323 1813
1324 1702 1836
1325 1407 1193
1326 1135 1474 2022
1327 1807
1328 36
1329
1330
1331 387
1332
1333
1334 1317
1335 2326
1336 1691 968
1337 2491
1338 1570
1339
1340
1341 170 937
1342 187
1343
1344
1345 1957
1346 1694
1347
1348
1349
1350
1351
1352 2441
1353 1863
1354 629
1355 2113 1348
1356
1357
1358
1359 119 673 1628
1360 1603 1512
1361 822 29 849
1362 1373
1363
1364
1365 923
1366 1564
1367 52
1368
1369
1370 1386
1371 1576
1372
1373
1374
1375 2243
1376 1666 44 426 465
1377
1378
1379 2367
1380 1876
1381
1382
1383 588
1384
1385
1386
1387 1777
1388 1530 544 2281
1389 1068 2312
1390 525
1391 1040
1392
1393 351 1301
1394 352
1395 714
1396 383 1837 1879
1397
1398 2268
1399 114
1400 382
1401 1928 1380
1402
1403
1404
1405 721
1406
1407 1107 1090 2481 468 1536
1408 2362
1409 547
1410
1411
1412 1516
1413
1414
1415
1416
1417 705 1936
1418 1745
1419 1982
1420 64
1421 630
1422
1423
1424
1425 1947
1426 489 1372
1427 95 1088
1428
1429 2314
1430
1431 1344
1432 1735
1433
1434
1435 476 1434
1436 2160 2165 585
1437 2495 686
1438
1439
1440 601 998
1441 1421
1442 9
1443 1251
1444
1445 1590
1446 2462
1447 1408
1448
1449
1450 208 360
1451 128 1631 1746
1452 1897
1453 1662
1454
1455 1764
1456 1383
1457
1458 1798 1484 2264
1459
1460 197
1461
1462
1463 437 637 1240
1464
1465 640
1466
1467 1877
1468 1112 1794 287 288
1469
1470 2168
1471
1472 49 135
1473 1976 1099
1474
1475
1476
1477 116
1478 408
1479 2235
1480
1481 2152 475
1482 1349
1483 154 645
1484 974 1080
1485
1486 2447
1487 1044 1329
1488 2186
1489 407 1117 1789
1490
1491 2267
1492 3
1493 2173 2488 1540 1852
1494
1495 1733
1496
1497 2497
1498
1499 185 63
1500 1730 1884
1501 572 1156
1502
1503
1504 2006
1505 1665
1506 568
1507 634 1192 2408
1508 123 760
1509 2241
1510 268
1511 342 1759 784
1512
1513 808
1514
1515 280
1516
1517 2197
1518 1861 929
1519
1520
1521 225
1522 148
1523
1524 583 1347
1525
1526
1527 226
1528 1896
1529 915 683
1530 2042 1410
1531 633
1532 2141
1533 196 2046 799
1534
1535
1536
1537 2023 515 2013
1538 1170
1539 1687
1540
1541
1542
1543
1544 449
1545 1175 315 450
1546 730
1547
1548 1761
1549 1819 1203
1550
1551
1552 1261 1299
1553 2226
1554 703
1555 373
1556
1557 2039
1558
1559
1560 1300
1561 377 2038
1562
1563 1566 687 532
1564 130
1565 1719 2166 374 534 1690
1566 312 1109
1567 1460
1568 1263 2322
1569
1570 1225
1571
1572 1949 892
1573 1234 2097
1574 684
1575 912
1576 1210
1577 1829
1578
1579 1015
1580
1581 1153 2415
1582 1401 2153
1583 378
1584 1998
1585 37
1586
1587
1588 2036 2381 557
1589 15 480
1590 309 1071 1182
1591
1592 785
1593 688
1594 1480
1595 753
1596 740 2272
1597 911
1598 1252 1569 2054
1599
1600 2210 1974 2222
1601 61 791
1602 2279 863 2170
1603 146
1604
1605 2397
1606 221
1607 1003
1608
1609 843
1610 1646
1611 1243 181 624
1612 752
1613 969 1548 965
1614
1615 877
1616 1066 302
1617
1618
1619 1627
1620
1621
1622 1676
1623
1624 852 1846
1625 57 793
1626 1381
1627 1426
1628
1629 600 1799 2466
1630 1762 247 548
1631 2464 614
1632 1795
1633 2132
1634 1776 800
1635 1920
1636 2115 1945
1637
1638 1514
1639 235 626
1640
1641
1642 1060
1643
1644 702
1645 916
1646
1647 1718
1648 520 2125
1649
1650
1651 1146
1652
1653 1593 922
1654 234
1655 1937 1005 395
1656 163 1186
1657
1658 246 605
1659
1660 723
1661
1662
1663 1810 1118 2088
1664 300 607 1786 2404
1665
1666 65
1667 632 2443
1668 707
1669 1039
1670
1671 837
1672 1911 1817
1673 897
1674
1675
1676
1677
1678
1679
1680 326 1205 1505
1681
1682 82
1683 1650
1684 296
1685
1686
1687
1688
1689 322 846 1021
1690
1691 104 385
1692 141 380 1130
1693 1931
1694 142 459 1554
1695
1696 1941
1697 1315
1698 1856
1699 294
1700 355
1701
1702 1102 868 2383
1703 1784
1704
1705
1706
1707 2332
1708 1296 303
1709 1874 722
1710
1711 1283 1729
1712 1264 1673
1713 168 1781
1714
1715 236 1670
1716
1717
1718
1719 80 1568
1720 97
1721 1616
1722 1915
1723 1342
1724 810
1725 1958 1775
1726 1546 2157
1727 778
1728 1469
1729 527 1953
1730 537
1731 679
1732 944 2230
1733 171
1734 1602 2179
1735
1736 53
1737 2291 1230
1738 661
1739 1500 1137 2232
1740 1392
1741
1742
1743 1418
1744
1745 2145
1746 2393
1747 212 2416
1748 2297 616 1659 1830
1749 451 1656 443
1750 642
1751
1752
1753 481 940
1754
1755 1707 1853
1756
1757
1758 517 1578
1759 602
1760 1821
1761 8 99 618
1762 2128
1763
1764 1078
1765 110 1093
1766 2442
1767 1574
1768 317 1335
1769 338 848
1770 160
1771
1772 670
1773 782 1177
1774
1775
1776 1887 346 718
1777 2003
1778
1779
1780 248
1781
1782
1783 651
1784 1128
1785
1786
1787 1259 1980
1788 2460
1789 2440
1790 2366
1791
1792
1793 2116
1794 137
1795 422 2274
1796 864
1797 242
1798 1110
1799 838
1800
1801
1802
1803 432 1180 345 1862
1804 1543
1805
1806
1807 1580
1808 339
1809 2357
1810 1506 503 873 502
1811 659
1812 1387
1813
1814 2091 1653
1815
1816 1623
1817
1818 890
1819 157 2345
1820
1821
1822 2029
1823 1499
1824 981
1825 948 1524 2465
1826
1827 2490
1828
1829 801
1830
1831 40 1523
1832 1932
1833
1834 365 903
1835 1720 1643
1836
1837
1838 1497
1839 595 1233
1840 2424
1841 813
1842 1788
1843 2305
1844
1845
1846 2031
1847 708 667
1848 252
1849
1850 586 2392
1851 733
1852 2259
1853
1854 2212
1855 1409
1856 1844
1857
1858 1445 340
1859 1084
1860 756
1861 727 1425
1862 2114 2139
1863 5
1864 1633
1865
1866 898 902
1867 2295
1868 2266 1791
1869 649 1959
1870
1871
1872 384 2012
1873
1874 1190
1875
1876
1877
1878 88
1879 1993
1880 1708 402
1881
1882
1883
1884
1885 2348
1886
1887 2313 347
1888 2280
1889 167 38 2078 985
1890 1611
1891 2069 1269 2371
1892
1893
1894 1148
1895 982
1896 1563
1897 1594
1898 1028
1899
1900 1723
1901
1902 2164
1903 2050
1904 284
1905 1815
1906
1907 1737 2419 883
1908 1890 674 2131
1909
1910
1911 2364 743
1912 2300
1913
1914 1143
1915
1916
1917 453
1918
1919 1560 1278 1751 2284
1920 2256
1921 643
1922 1095 1685 2321
1923 1209
1924 792
1925
1926 239
1927 2011
1928 2477 1561 1438
1929
1930 1206
1931
1932 1357
1933 1242
1934 2269
1935
1936 833
1937 276 454
1938 463
1939 1374
1940
1941 636
1942
1943
1944
1945
1946
1947
1948 1058
1949 1654
1950 1375 994
1951
1952
1953
1954
1955 2015 18
1956
1957 2057
1958 647 1247
1959
1960 311
1961 2196 266 631 1384
1962
1963 1437
1964 1006
1965 13
1966 94 1704
1967 152 858 1710
1968 1796 1778
1969 262
1970
1971 2083
1972 122 1382
1973 2438
1974 1635 1801 2411
1975 6 1064 655
1976 750
1977 1358
1978 272 764
1979
1980 983 964
1981
1982
1983 1253 249
1984 1451
1985 671 1391 1768
1986
1987
1988 1565 1155
1989 173
1990
1991 984
1992 1489
1993
1994 1811
1995 1770
1996 2325 1462
1997
1998 354 490
1999 35
2000 1458
2001 500 672
2002
2003
2004
2005
2006 1721
2007 334
2008
2009
2010 28
2011 134 736 561 1933 1621
2012
2013 1096
2014 699
2015 1501 1700 1571
2016 1873
2017 361 1598
2018 2193
2019 2149
2020
2021 2344 1741
2022
2023 318
2024 2257
2025 2354
2026 1232 1833
2027
2028 74
2029 131 344
2030
2031
2032 417
2033
2034
2035 975
2036 2082 136 1966 1734 2270
2037
2038 2053
2039
2040 1648
2041 228 521
2042 1113
2043 400
2044 1625 1471
2045 1019
2046 169
2047 1399 790
2048 2127
2049 2101
2050
2051
2052 2448
2053 664
2054
2055
2056 205 2253 1828
2057
2058 127 865
2059
2060 1785
2061 2183
2062 439 1356
2063 1969
2064 2342
2065 332
2066
2067 399
2068 2099 734
2069 462 884 1082 1952
2070 1310
2071 1740 1903
2072
2073 1367 369
2074 516
2075 2402
2076
2077 1832
2078 787
2079
2080
2081 1797 539 2255
2082 1671 2320
2083 854 1036 2162
2084
2085 1629
2086 1120 30 587
2087 2136
2088
2089
2090
2091 1436
2092 1388 2290
2093 1047
2094 330
2095 2337 1197
2096 1257 1288
2097 1010
2098
2099 1417
2100 273 1805
2101 349
2102
2103 466
2104 762
2105 388 1744
2106 428
2107
2108
2109 386
2110
2111 514
2112 2067
2113 1895 305 759
2114
2115 904 138 316 836
2116 700
2117
2118 1164
2119
2120
2121
2122 1555
2123 1518 2191
2124
2125 2489
2126 1604 1760
2127 164 1431
2128 474
2129
2130
2131
2132
2133 1353
2134
2135
2136 113 666
2137 307 403 954
2138 1674
2139
2140 513
2141 1176
2142 777
2143 996 1614
2144 1324
2145
2146 201
2147
2148 222 931 2494
2149 1709
2150
2151
2152 578 1009 1661
2153 1900
2154
2155
2156 2399
2157 390 267
2158
2159 690 1586
2160 2229
2161
2162
2163 220
2164 1453
2165 156 286 1615
2166 293
2167 797 2084
2168 970
2169 1651
2170
2171 1406
2172
2173 217 538
2174
2175
2176 1898 290
2177
2178 900 831
2179
2180 2205 1684 1812
2181 943 1908 1472
2182 477 1027 1235
2183 1168 427
2184 1008
2185 1468 804
2186 990
2187
2188 337 589
2189 765 1888
2190 111
2191
2192
2193 1558 1640
2194
2195
2196 1277 1364
2197 129 499
2198
2199 1017
2200
2201
2202
2203 39 689 59 2318
2204 2473
2205 56
2206 46 1855
2207 125
2208 121 2425
2209
2210 880
2211 214
2212
2213 446
2214 297 491
2215 2278 992 2260 2121
2216 2190
2217
2218 1990 2098
2219 1769 2085
2220
2221 2401 2052 669 2370
2222
2223 1069
2224 1051 2426
2225
2226 1675
2227 1783 2487
2228
2229 1213
2230
2231 1587
2232
2233 2288 806
2234 1492
2235 812
2236 1577
2237
2238 540 1526
2239
2240 613 726
2241 323 2138
2242 1273
2243 1660
2244 1547 1771 2407
2245 1370
2246 496 519
2247
2248
2249 2410 492 543
2250 713 987
2251 96
2252
2253 577
2254 310 817 2493
2255 298 1191 1266
2256 2107
2257 1780 1132
2258 1835
2259
2260 1946
2261 81
2262 871 1559
2263 1652
2264 2330 1302
2265 172
2266 555 638
2267
2268 1699
2269 751
2270
2271 341
2272 1464
2273 1395
2274
2275
2276 2375
2277 665 927
2278 241
2279 2446
2280
2281
2282 1960
2283 2359
2284
2285 371
2286
2287 1281
2288 1355 2409 1519
2289
2290 1379
2291 1101
2292 558 2117
2293
2294 1446 1689
2295
2296 1537
2297 1904 2262
2298 328 829
2299 1478
2300 803 2418
2301
2302
2303 662 2289
2304 523
2305 774
2306 749
2307 1994 2369
2308
2309
2310 1161 1223
2311
2312 75
2313 2351
2314
2315
2316
2317 1972
2318 1899
2319 103
2320
2321
2322
2323 909
2324
2325 2142
2326
2327
2328 1792
2329 934 335 461
2330 204 238 1535
2331 2007 773
2332 2434
2333 259
2334 648
2335 77 1951
2336 362 1345
2337 1847 706 1340
2338 757 2172
2339 772 856 2147
2340 479 680 2118
2341 92
2342 2021 1276
2343 604
2344 255
2345 2387
2346
2347 47 89
2348
2349 1926
2350
2351 176
2352 2086 1029
2353 299
2354 1292 1545
2355 2071 2080
2356
2357 2185 2429
2358 209 508
2359 1634
2360 1520
2361
2362 210
2363
2364 358 635
2365
2366 1378
2367
2368 1241
2369
2370
2371
2372 1187
2373
2374 576
2375 1359 2025
2376
2377
2378
2379 598 1641
2380 2304
2381 254 1332
2382 1447 566
2383
2384 966 2273 1538
2385
2386 827
2387 2340 2151
2388 1827
2389 1305
2390 2457
2391 2296
2392 1754
2393 1864
2394 2327
2395 2439
2396
2397
2398
2399 16 166 1100
2400
2401 67
2402
2403 628
2404
2405 857
2406
2407
2408
2409 1279 363
2410 795
2411
2412 1432
2413
2414 2234 1924 2070
2415 2203 78 1477 2223 2192 2461
2416 814
2417 512
2418
2419 418 264 2240
2420 1948
2421 2044
2422 919
2423 536 592
2424 1070 2459
2425 1291
2426 1075
2427
2428
2429 1978
2430
2431
2432
2433 1336
2434
2435 1717
2436
2437
2438
2439 1366
2440
2441 654
2442 73
2443
2444
2445 1669
2446 522 780
2447
2448 1927
2449 876
2450
2451 1144
2452 556
2453 1688
2454 1450
2455 1054
2456 2178 2398
2457 2456
2458 1114 1663
2459 2209
2460
2461
2462 177 862
2463 910 2406
2464 188 2016
2465 1622
2466
2467 2458 732 789
2468 2496 906
2469
2470 2105 2051
2471 609 896
2472 834
2473 423
2474
2475 279
2476 182 486
2477 1056 2221 498 989 2365
2478 2239 2450
2479 1870
2480 1572
2481 245
2482 2056
2483
2484
2485 1169 2202
2486
2487
2488 1111 1599
2489 1314
2490 21 324
2491 580 447
2492
2493 1311
2494 412
2495 693 2449
2496 1035
2497
2498
2499
