#/Users/schmidt73/Desktop/fastppm-data/bin/simulate.py --mutations 1000 --samples 3 --coverage 1000 --seed 3 --output sim
# GMT Fri Sep 13 14:26:46 2024
# 
0 455 842 644
1 26
2 987
3 20
4 12
5 416
6 330 602
7 767 358 583
8 422
9
10
11
12
13 118 703
14 936 376 857
15
16 595 542
17 510
18 868 968 183
19 141 407
20 537
21 509 639 649
22
23 712 828
24
25 5 780
26 903 51 435
27 794
28 706
29
30
31 247 633
32 341
33 99
34 809 960
35 967 814
36 552
37 249
38 146 270 746 655
39 525
40
41 242 439
42
43 339 975 132 401
44
45 235
46 113 522
47 848
48
49 420
50 501
51 419
52
53 437 88 589
54
55 743
56 476 311 696
57 950 365
58 450 425
59 723 722
60 954
61 181 834 517
62 129 838
63 351 910
64 937
65
66
67 379 748
68
69 333
70 316 832 906
71 79 114 260
72 531
73
74 255
75 349
76 214 587 908
77
78 545
79 879 837
80 234 474 518
81
82 716 912
83 918
84
85
86
87 71 480
88
89 628 815
90 315
91 424
92 314
93 39
94 102
95
96 110
97 111
98 915
99
100 65 919
101
102 126 92 654
103 730
104
105 776 995
106 843
107
108
109
110
111 115 174
112 653 96
113
114
115
116 148 145
117 524
118 514 961 694 866 397
119 3 966
120 807 988
121 549
122 463
123 210
124 575
125 896
126 870
127 298
128 261
129 303 944
130 978
131 457
132 76 383 671 739
133
134 164 727
135
136
137
138 479 149 342
139
140 637
141 56
142 302 274 635 955
143 692
144 226
145 513 713
146 889
147
148 563
149 846
150
151
152 236
153
154 640
155 491
156
157
158
159 228 464 345
160 133
161 301 777
162
163 62 911
164 406 83
165
166 534
167
168
169
170 717
171 570
172 282
173 596 624 914
174 135 845
175 452 686
176 233 502 309 851
177 790
178
179
180 413 453
181 138 182 153
182 131
183
184
185 281
186 945 308 729
187
188 461 701
189 632 668
190 892
191 666
192
193
194
195
196 588 195
197 364 158
198 350 836
199
200
201
202 708
203 384
204
205 609 109 194
206 890
207
208
209 597
210 371
211
212
213
214 831 456
215 533 352
216 759 180
217 573 986 593
218 561
219
220 370
221 44
222 175 427 786 736
223 415
224 203
225
226 881
227
228
229 885 962
230
231
232
233 82 554 567
234 388
235 940
236 470 989
237 169
238 964 875
239
240
241
242
243 277
244 77
245 839 495 506
246 447
247 699 808
248 139 490 526
249 714
250 434 398
251
252
253
254 198 373 997
255 347
256 572 445
257 23
258 399 621
259 197 559
260
261
262 538 375
263
264 346
265 638 797
266 49 734
267 738 544
268 189 253 539
269
270
271 63
272 770
273 745
274 27
275
276 58 167 585 715 884
277 442
278
279 449
280 942
281 698
282 8 101
283
284
285
286 860
287 252
288 171 578
289 310 774
290 428 823
291 390
292 372
293 721
294 469 507
295 709
296 86 772
297 888 909 577
298 64 897
299 307
300 548
301 54 855
302 947 306
303 898
304 152
305
306 52
307 458
308
309 928
310 663
311 515
312 571
313
314 610
315
316
317
318 223
319 220
320 443
321
322 751 958
323 822 859
324
325 340
326
327 417
328
329 667
330 172 782 684
331
332
333
334 599
335 239
336
337
338
339 697
340
341 382 218
342
343 821
344 913
345 613
346
347
348 229
349
350 900
351 219
352 520
353 43 426
354 73 747
355
356 50
357 243 471 690
358
359
360 553 293
361 979 905 503 682
362 505
363 196 742
364 761
365 136
366 530 569
367 355
368
369 935
370 858
371 313 564
372 568
373
374 801 557
375
376 319 412
377 329
378
379 752 980
380 185
381 998
382 683
383
384 272 369
385 290 98 331
386
387
388 943
389
390
391 606
392
393 438
394 85
395
396 581
397 357
398 66 982 818
399 844
400
401 400
402
403 268
404
405
406 11
407 225 603 804
408
409 882
410
411
412
413 658
414
415
416
417
418
419
420 436
421 536 541
422
423 53 378
424
425 377
426
427 656
428 7
429 558 227 689
430 472
431 275
432 934
433 423
434 163
435 386
436
437 67 566 516
438
439
440
441
442 925
443 411
444
445
446
447 105 215
448 166
449 24 294
450 22 207
451 448
452 245 160 444 487 645
453
454 9 529
455 580 946 778
456 802
457 46
458 30
459 25 326
460 675
461 830 186
462 324
463 674
464 431
465 665
466 972
467
468
469 576
470 620 248
471
472
473 555
474
475
476 265
477
478 155 803
479 922
480
481
482
483 292
484
485
486 213
487
488
489
490
491 693 28
492 527 990
493 187
494
495 6
496
497 669
498 737
499
500 32 618
501
502 273 368 410
503
504
505 216 312
506
507
508 176
509 156 192
510
511
512
513
514 18
515 193
516
517 710 481
518
519 840
520 971
521 933 291 418
522
523
524 212
525
526
527
528
529
530
531
532 405
533 168
534
535 267 887
536 724
537 361 869
538 84 672
539
540 112 107
541 547
542 850 288
543
544
545 211 485
546
547 660
548 117
549 230
550 916
551 976
552 37
553 353 116 728
554 983 532 432
555
556 854 87
557 256 240 969
558 949
559 466
560
561 47
562
563 322 285
564
565 781
566 90 498 764 321
567
568
569 719
570 33 394
571 414
572 36 278
573 354 269
574 328
575
576 264 812
577
578
579 137 883
580 956 560
581 360
582
583
584
585
586
587 873
588 217
589
590 679
591
592 819 993
593
594 15
595 550
596 468
597
598
599 904
600
601 75 757
602 862
603
604
605 143
606 702
607
608
609 374 792 392
610 266
611 287 965
612
613 652
614 271 766
615 297 691
616
617
618 768 543
619 14 280
620 356 647 687
621 616
622
623 200
624
625 140 488 853
626
627
628 664 991 284
629 643
630
631 209
632 614
633 493 788
634
635
636 391
637
638 179
639 951
640
641
642 584 731
643 894
644
645 953
646
647
648
649
650 499
651 190 475
652 744
653 932
654
655 829
656 93
657 941 642 622
658 147 741
659
660 648
661
662 760
663
664 957 795
665 886 535 677
666 939
667
668 646
669 205 601 926
670 921 404
671
672
673 762
674 318
675 787 607 688
676 250
677 430 749
678
679 600 805
680
681 590
682
683 806
684
685 221
686 323
687
688
689 462
690
691
692 931
693 343
694 344
695 396 59
696
697 783 985
698 119
699 725 477
700
701
702 162 673
703 251
704
705 901
706 511
707 473
708
709 348 612
710 615
711 565
712 813 825 489 604
713 657
714 841
715
716 429 134 874
717 460 393
718 446
719
720 963
721
722 763
723 651 440
724 927
725 68
726 981 718
727
728
729
730 605 758
731
732 295 994
733 121
734 154
735
736 877
737 579 151
738 202 754
739
740 756
741
742 492
743 4 69 641
744
745
746 512
747 262
748
749
750 367
751 592
752
753 484
754 574
755
756
757 827
758
759 299 159
760 38 244 817
761 21
762 670 528
763
764 241 627
765 72
766
767 254 765
768 95
769 389
770
771
772
773 231 872
774
775
776 948 907 327 865
777 336 711
778 878
779 496
780
781
782 454
783 55
784 556
785
786 161
787 201
788 320 974
789 1 720 824 208 611
790 508 173
791 363
792 296 199 902
793
794 486
795 791 700
796 582
797 996
798
799 178
800
801 31 34
802 999
803 959
804
805
806 459
807 826 626 678
808
809 125
810 465 619 970 735 893
811 276
812
813 789 482
814 726 852
815
816 849 191
817 798
818 586
819 17
820 500
821 16 81
822 519 929 305
823 871
824 165
825 820 381
826 707
827 835
828
829 863
830 60 833
831 108
832
833 144
834 89
835 773
836 94
837
838
839 816 433
840 29
841 387
842 938
843 222 811 337
844 395 864 876
845
846
847
848
849 380
850 19
851
852
853
854 10 100 598
855
856 775
857
858
859
860
861 441 753
862 48 104 920 402
863 800
864 659
865 779
866 232 704
867
868 385 662
869 847
870 127
871
872
873
874 42
875 325 785
876
877 799
878 891 421
879 304 237 650
880
881 755
882
883 880
884
885 362
886 13
887
888 263 984
889 676
890
891 35
892
893
894 97
895 366
896
897
898 142 733 204
899
900 177 451
901
902 317
903 540
904
905 170 899
906
907 74 636
908
909 409
910
911
912 124 359
913 157 184
914
915
916 594
917 106 467
918
919 661
920 334
921 258
922 259 283
923
924
925 856
926
927
928
929 150
930 91
931 740
932 478
933 625
934
935
936 695 120 617 923
937 685
938 41
939
940
941 973
942
943 122 483 705
944
945 623 332 793
946 61
947 246 992 952
948 2
949 257
950 128
951
952
953
954 930 771
955
956 810
957 57 546
958 279
959 680
960 408 591
961 629 630
962
963 917 867
964 123 924
965
966 224
967 45
968 40 551
969 681
970 206
971 504
972 335 796
973 523
974 769
975 188
976
977 403 289 338
978 70 895
979 732 80
980
981 238 286
982 521
983 130
984 608
985 631 562
986 78
987
988
989
990 634
991 300
992 497 977 750
993
994
995 784 861
996
997 494
998 103
999
