#/Users/schmidt73/Desktop/fastppm-data/bin/simulate.py --mutations 2500 --samples 3 --coverage 1000 --seed 17 --output sim
# GMT Fri Sep 13 14:41:13 2024
# 
0 1772 2310
1 2410 1182
2
3 1418
4
5 2482
6 1295
7 329 1802
8 1159
9 994
10 270 1764
11
12
13
14 1544 1838 1461
15
16 622 1116 985
17 971 2468
18
19 628
20 2121
21
22
23 1007 1270
24
25
26
27 1566
28 243
29 1256 2398
30
31 215
32
33 795 1699
34
35
36
37 1776
38 1841
39 2316
40 1858
41 1551 1923
42
43 2132
44 1641
45
46 2068
47
48 213
49 947 232 1539 1696
50 1951 1067
51
52 1786
53 1329
54 14 1235
55
56 1520
57 1211
58 1142
59
60 2014 1779
61
62
63
64 696
65
66
67
68
69
70 1541
71 1066
72
73 1484
74 319 570 1039 2141
75 2036 857
76 674 2040 2190
77 1479
78
79 1702
80
81
82
83 366
84 96 1512
85
86
87
88 2038
89
90 1587
91 1527
92 2290 1514
93 2237 1415 549 514 639
94 1643
95 1630
96
97 2494
98 345 2216
99 1052
100 2273
101 95 296 660
102 527 944
103 1348
104 1003
105 1771
106 1882
107
108 2496 619
109
110 982 1960 743 2051
111 462 2023 1557 1612
112 920
113
114 1800 1963
115 778 874 1849
116
117 424
118 1020 1867 2275
119 475 627 2307
120
121
122 1862 181 595
123
124 1388
125 1115 2065
126 121
127
128
129 2010
130
131 2049 1788 1273
132
133 2308 555 598
134
135 804
136 2166
137
138
139 236
140 409 286 1690 1117
141 87
142 509 1881
143
144 1057
145 1877
146 80
147 902
148 2086 850
149 1019
150 2329
151
152
153 673
154 1017
155 1569 2177
156
157 1438
158 1277 2089
159
160 2403
161
162
163
164 2053 1442
165
166 1726
167 335 1777
168 937
169
170 1868 1935
171 279 1787
172 1423
173
174 285
175 745
176 1682
177
178 172 1452
179 1848 1472
180 2180
181 1420
182 725
183 709 1580
184 1268
185 1138
186
187
188
189
190 685 1492
191 2105
192
193 2483 1703
194
195 609
196 333
197 51
198 2113
199 2043
200
201
202
203
204 1863 707 1411
205 1314 1819
206 250 2088
207
208 2280
209 1510
210 1368
211 1869
212 1422
213
214 1099
215 369 1389
216 74
217
218
219
220 405
221
222 105 883 1060
223 148 506 1476
224 2277
225
226 1406
227
228
229
230
231 2489
232
233
234
235 76 155
236 2060 1504
237 29
238 1853
239
240
241 664
242 2007 2145
243 974
244 1908
245 1136
246
247
248
249 1902 1752 348
250
251 557 1104
252 2488 2462
253 1555
254
255 927 1562
256
257 40
258 192 1395
259
260 2228 362 1859
261 1165 160 1367
262 1355 1002
263 2445
264
265
266 700 1994
267 1084 1498
268 1317 2294
269
270 11 567 736
271 783
272 647
273 596
274 984
275 1174 1519
276
277 731 2335
278 406 1008 2042
279 608 1344
280 1717 2395 2148
281 240
282 998
283 2368 1034 2351
284
285
286 726
287 2288 2302 876
288 1603
289 2287
290
291 2415 972
292 1497
293 2240
294 224 1992
295
296 535 1045
297 165 390 230 1112
298 501 1959
299 1098
300 1029
301 2269
302 93 1016 1175
303 2098
304 179
305 841
306 45
307 1228 1259
308 1550
309 1300
310 2133
311
312
313 304
314 1789
315
316
317 964
318 262 1921
319
320
321 271
322
323 1584
324 1679
325
326
327
328 1650
329
330 2154
331 66
332 2046 1109
333 2223
334
335 2370 15
336 1854
337 2041
338 1999 1649
339 796 591
340
341 249 1964 1936
342
343 2251 819
344 1985
345 2182 1439
346 1399
347 450 2314
348 1949
349
350 886 2020 1186
351
352 367
353 78 2341
354 769
355
356
357 1572
358
359 2212
360 2188
361 957
362
363
364 533
365 1546
366 756
367
368 1111 1595
369
370 2209 1932
371 1756
372
373
374 55 195 394
375 1449 282 1023 643
376 917 1132
377 469 379
378
379 1396
380
381 1176
382 389
383
384
385 798
386 163
387 8
388 125
389
390 272 314
391 583 913
392
393
394 2421
395
396 789 2207 1781
397
398 1538
399 482
400
401 508
402 2112
403 1658
404 433 592
405
406 2491
407 135
408 2486 621
409 799 2090
410
411
412 1731 37 242
413 526
414 1810
415 2217
416
417
418 59 2457
419 381
420 1180 539 1363
421 2274
422 2135
423 83
424
425
426 1700
427 569
428 828
429 1536 418
430
431
432 1294
433 2106
434 729
435
436 1970 2429 441 1384
437 2174
438
439 114
440
441
442
443 1594
444 1983
445 31 490
446 291
447 518 495 958 988 1412
448 493
449 2463 2366 2062
450 90
451
452 2338
453
454 1213 1068
455
456 2455 2056
457 1183 2407
458 331 1036 1124
459 3 2076
460 1596 182
461
462 278 2009
463
464
465 2498
466 2075
467
468 962
469 983
470
471 679
472 375
473
474 206
475 1813
476 149
477 1734 1272
478
479 1675
480 1924
481
482
483
484
485
486 734
487 444 716
488
489
490 553 1028 702 2345
491
492 538 545
493 2427
494 205 1033
495
496 36 403
497 576
498 1967
499
500
501 1892 694
502
503 25
504 374 1219
505 2127
506
507 277 346
508 1155
509 936
510
511 761
512 44
513 1850
514 252 987
515 1403
516
517 1312 1079
518 138 1342
519 793 2143
520 153
521
522 1621 1162
523 770
524 2443 999
525
526
527 682
528 739 1405
529
530
531 2492 1988 368 893 1160
532 634
533 320 522
534
535 862 1672
536 1307
537 919 1940
538
539 1684
540
541 1711
542 1319
543
544 9
545 2093
546
547 92
548 1716
549 2299
550 1330 1707
551 2305
552 122
553 202 2099 2401
554 451
555 1204
556 75
557 2328
558 1827 1456
559
560
561
562 208
563 1128
564
565 12 1545 2021 2497
566
567 211 428 1179
568 649 1828
569
570
571
572
573 1080 1767
574
575
576 1298 603
577 2434
578 1840
579 2030 91
580 2033
581 542
582 1114
583
584 688
585 1890 949
586
587
588
589 1181 1625 1730
590
591
592 2126
593 1221 1688 741
594 332 415 968
595 294
596 2487 207
597 2385 151 154 2418 2187
598 2396
599 813
600 118 1005 1044 2295
601
602
603
604 1692
605 2428 1834
606
607
608 2375
609
610 1913
611
612 2255
613 86 340 671
614 254
615 1727
616 492 790
617 2425
618 1217 1445 2330
619 834
620 2313
621 1930
622 209 777 573 2286
623
624
625
626
627 2195
628 479 1866
629 2450
630 474
631 1094 1158
632 1232
633 1610
634
635 38 781
636 1712 2259
637 531 1784 1378
638
639
640 1063
641 1013 2130 2244
642
643
644 2453
645 204 259 837 1997
646 764
647 2256 602
648 1286
649
650 812 1942
651 1619 326
652 461 2339
653 990
654 784
655 703
656 1833 1646 1669
657 128
658 2390
659
660 1417
661
662 1540
663 1774 1824 1656
664 1087 546
665 1714
666
667
668 801
669 1153 1904 2231
670 429
671
672 1353 1473
673
674
675 193 1447 677
676
677 437
678 1532 2364
679
680
681 580
682
683
684 2005
685 1728
686 1123 753
687 1797 1893
688 776
689 504
690 2155 1873
691
692 356
693
694 1085
695 27
696 2432
697
698 735 1753
699 1214 2159
700 2471
701
702 1648
703 162 1254
704
705 1556
706
707
708
709 1351
710 1518 1464
711 1149 432
712
713
714 523 875
715 2225
716 908
717
718 184
719 1366
720
721 898 1374
722 258 2383 1843
723 1894 2352
724 2344
725 933
726 751 656 1993
727 2475
728
729
730 2011
731 1377 2229 1083
732
733 16
734 1654
735
736
737 494 2200
738 954
739 134 1560
740 2342 2292
741 2377
742 1748
743 2404
744
745 1568
746
747
748
749 1009
750 672
751 97
752
753
754
755 2194
756
757 2321 253 1184
758 2198
759 830
760
761 1973
762 1001
763
764
765
766 2227
767 1812
768 1989 284 2336
769 20
770 58
771
772
773
774 1451
775 2451 2322
776 721 189
777 2161 2411 2140
778 300 2002
779
780 822
781
782
783 863
784
785 1628
786 1058 1552
787
788
789
790 2467
791 613
792 1247 618
793
794 768 1323
795 980 235 1375 1674 1187
796 238 766 1895
797
798 65 2120 1720
799 637 732
800
801 413
802 1664
803 1401
804 1883
805
806 532 1334
807
808 1926 1933
809 2388
810 624
811
812 1502
813 2382 1290
814 911
815
816 626
817 849
818
819 1432
820 740 996
821 2061
822 1636 2080 2258
823 77 1359
824 353
825 2045
826 2079
827 864 2293
828 168 225
829 2332
830 900
831 1302
832 1392
833 923
834 2249 2405
835 1157
836 47
837
838 2199
839 1245
840 541
841 1553
842 455 2270
843 823 1248
844 237 581
845
846 1129
847
848
849 1713 2474
850
851 89 173
852 2203 2495
853 145 616 706
854 1289 1629 1614
855 1463 2346
856 1900
857 108 467
858
859 1426
860
861 1905
862 1261 2363
863 310
864 33 1055
865 2419 311 1078
866 669 2138
867 1105 1582
868 2309
869 2276 1346 1146
870
871 1945 2162 1915
872
873
874 715
875
876 1652
877 699 832 870
878
879
880
881 1069 899
882 1354
883 2176
884 248
885 1332 802
886 1888 399
887 373
888 1733
889
890
891
892 915 30 577 2381
893
894 231
895
896 1014
897 1559
898 313 460 1108
899
900 255
901
902 1778 1887
903 2426
904
905
906 318
907 2123
908
909 372 1737
910
911 1846 1382
912
913 1719
914
915 212 1031
916 1836 910
917 2245 1575
918 814 705
919 1394
920 1062
921 1626 276 484
922 1279 2384
923
924
925 2459 456
926
927 661
928 2074 1194
929 1822
930
931
932
933
934 794
935 733 773
936
937 98
938 2349
939 1434
940
941 167 327
942 981
943 2191 244
944
945 1585 1043
946
947 1817
948
949
950
951 1852
952 388
953 1558 420 2124
954 525
955 377 293
956 1709
957
958
959 593
960 1409
961 2439 884
962 1239
963
964
965 537
966
967 109 316 973
968
969
970 642
971
972 191 1076
973 800 1627
974
975
976
977 1971 2260
978 398
979 1140 387
980 2298
981 855 666
982 1122 558
983 644
984 2374
985
986 1976
987
988
989 2436
990 156
991 1127
992 2226
993 73 216 322 395
994
995 633
996 1431 392
997 1589
998 2353
999
1000
1001
1002
1003 1979
1004
1005 1163
1006
1007 1804
1008 690 2025
1009 246
1010 845
1011
1012 334 1433 2319
1013 1387 1262
1014 1231
1015 233 747
1016 1721
1017 1746 926 1343
1018 892 744
1019 1571 2400
1020
1021 1010
1022
1023 412 1832
1024 2218
1025 338
1026
1027
1028 1577 524 1525
1029 1620
1030 1450
1031 317 1578
1032 2067
1033
1034 2073
1035
1036 2416
1037
1038 2109 2149 439 916
1039
1040 2297 288 370
1041 1118
1042
1043 885 821 1918
1044
1045 807
1046 2271
1047
1048
1049
1050
1051 2026
1052 1864
1053 934 2348
1054 1740
1055
1056 2063
1057 2158 939
1058 1522
1059 2372 1705
1060
1061
1062 2389 601
1063 1283
1064 630 1749
1065 2386
1066
1067 1944
1068
1069 111
1070 965 1642 159
1071 629
1072
1073 1145 1513
1074 2257
1075 2289
1076
1077 1708 1600 1934
1078
1079
1080 2333 1072 1805 2083
1081
1082
1083
1084 564
1085
1086
1087 544 1842
1088 2129
1089 1018
1090
1091
1092
1093
1094 218
1095 1482 1548 2371
1096 41 1250
1097 589
1098 2018 521
1099 2072
1100 543 2147
1101 1956
1102 34 901
1103
1104 1093
1105
1106 2108 2423
1107
1108
1109
1110
1111
1112
1113 2360
1114 1255 169 360
1115 2081 905
1116 2357 1107
1117 431
1118 203
1119
1120
1121 738
1122 565
1123 675 1633
1124 2085 269
1125 1506
1126 1835 185 842
1127
1128
1129
1130 188
1131 497
1132
1133 889 2192
1134 157 2431 787
1135 419 1995
1136 604
1137
1138
1139 1500
1140 7 1054
1141 1661
1142
1143 1847 895 2233
1144 245 2044
1145
1146
1147 852
1148 2160
1149 1701 263 1000
1150 2447 1623
1151 452
1152 1480
1153 1274
1154 1590 1639
1155 2137
1156
1157
1158 2490
1159 932
1160 2306
1161 2327
1162
1163
1164
1165 1542 1220
1166 1487
1167 1065
1168
1169
1170 507
1171
1172
1173 176
1174 2456
1175
1176
1177 71 260 239 1991
1178 265
1179 358 578 810
1180 486
1181 711
1182
1183 180 2301
1184
1185
1186
1187
1188
1189
1190 273 2315 868
1191 28
1192
1193
1194 2238
1195
1196 1230 1837
1197 2337
1198 1929 2164
1199 400
1200 737
1201
1202 1025
1203
1204 1597
1205 891
1206
1207 1398 1246
1208
1209 853 1195
1210 1474 1815 1440
1211
1212 1475 2178
1213 1996 2115
1214 1151 2324
1215 1910
1216 64 833
1217 79
1218
1219
1220 61
1221 1495 1941
1222 445 1369 1706
1223
1224 1761
1225 1074 1113 2004
1226
1227 1501
1228 1521 1906
1229 2070
1230 1202
1231
1232 443
1233
1234
1235
1236 839 1526
1237 67 786
1238 1638
1239 1032
1240 718 754
1241
1242 299 2414
1243 1952
1244 782 1689
1245 963
1246
1247 1489 667 1086
1248
1249 759
1250 1209 605 1139
1251 1040
1252
1253 1152 623 2477
1254 281 1665 1530
1255 1408 1592
1256 473 1977
1257 977 1613
1258 100 2221 1870
1259
1260 427
1261 1670
1262 861 907
1263
1264
1265 1953
1266 903
1267 588
1268 1990
1269
1270
1271
1272 1064 1347
1273 2484
1274 1606
1275 1547
1276 1611 952
1277 1561 1350
1278 582 1430
1279 2013
1280
1281
1282 2285 1565
1283
1284
1285 615
1286 1844
1287
1288 1524
1289 166 309 2114
1290
1291 2480 1437 1322
1292 1785
1293 2039
1294
1295 2481
1296 1169
1297 2318
1298 1579 152 1173 1341
1299 72 560 1071 1583
1300 976
1301
1302 695
1303 2446
1304 563 1741 1939
1305
1306 2183 1454
1307 1164
1308
1309
1310 42 2252 1252
1311 337
1312 979 2378
1313 447 1041
1314
1315 2094 1324
1316
1317 1133 1379
1318
1319
1320 1974
1321 1653
1322
1323
1324 1766
1325 1443
1326
1327 1462
1328 1957
1329
1330 2320 1505
1331 1189 1271
1332 139
1333
1334 1471 2213
1335 2167
1336
1337
1338 2291
1339
1340 1807 2125
1341 805
1342 339 1390
1343
1344
1345
1346 2379
1347
1348 178
1349 599
1350 2156
1351 307 2084
1352 1615
1353
1354
1355 137 1803
1356
1357 860
1358
1359
1360 289
1361 2193
1362 1488 364 416
1363
1364 199
1365
1366 1678 1496 2460
1367
1368 1938
1369 511
1370 1830
1371
1372 2097 1640
1373 483
1374
1375 194
1376 610
1377 1242
1378
1379
1380 1755 491 2373
1381
1382
1383
1384 652
1385 120
1386 341
1387 115
1388 380
1389
1390
1391 1193
1392
1393
1394 402 1795
1395 1144 536
1396 803
1397
1398 1313 187
1399
1400 612 2239
1401
1402
1403 2343
1404
1405 498 767 1796
1406
1407 487
1408 158 448
1409 631
1410 1975
1411
1412
1413 1928
1414 466 1236
1415 2103 1739 838
1416
1417 2267
1418 426
1419
1420 2331 516
1421 2214
1422 1725 17
1423 1809
1424 1507
1425 1171
1426 757
1427
1428 684
1429
1430 18 306 1429
1431 1865 1284
1432 1965
1433 877
1434 897 1897
1435
1436 264
1437 2242
1438 750 752 924
1439
1440
1441 150 1407
1442 1564
1443 200
1444 1188
1445 1791
1446
1447 146 410
1448
1449 5
1450
1451
1452
1453 2499 463
1454 422 665 1958
1455
1456
1457 943 1315
1458 710
1459
1460 1257
1461
1462
1463 584
1464 2458
1465 1222
1466 645
1467 1982
1468
1469 2 330
1470 1984 1251 1011 1981
1471 785
1472
1473 1770
1474 510 2204 1035
1475 692
1476
1477
1478 1499
1479 2082 1137
1480 1574
1481
1482 1986 459
1483 1296
1484
1485 995
1486 57
1487
1488 2361 1624
1489 2224
1490
1491
1492
1493
1494 1517 1126
1495 2420 1468
1496
1497
1498
1499
1500
1501
1502 2220 1763 529 1783
1503
1504 2211
1505 1267 969
1506 771
1507 1826
1508 600 183
1509
1510 635 2279 1691
1511
1512 1200
1513
1514 1048
1515
1516 966
1517 465
1518 1414 52
1519 586 2131
1520 382
1521 559 760
1522 772
1523
1524
1525 1686
1526
1527
1528 1070
1529 1486
1530
1531 1491
1532 859 1227
1533
1534
1535
1536 503
1537
1538 836
1539 866
1540 2052
1541 2472
1542 871
1543
1544 1604
1545
1546
1547 2325 102 1718
1548
1549 1266 590
1550 352
1551 846
1552
1553 1829
1554 386
1555 1425
1556
1557
1558 404 698
1559
1560
1561 1297
1562
1563 104
1564
1565 2470 2493
1566 723
1567
1568 53 1762
1569 84 681 1326 1666
1570 824 124 2078
1571
1572
1573 2261
1574 227 376
1575
1576 354
1577 292 1446
1578
1579 1038
1580 1875 2150
1581 717
1582
1583
1584 1095 1413 1724
1585 551 1215 2263
1586 993
1587 2469
1588 2101
1589
1590 1147
1591 1177 287
1592 2058 1493
1593
1594
1595
1596 854
1597 1950 425
1598
1599 1799
1600
1601 1586 1125
1602 1683
1603 946 2096 2362
1604 2029
1605 488
1606
1607
1608 2435
1609 2001
1610
1611 758 1325
1612
1613 959
1614
1615 2248
1616
1617 935 2186 1635
1618 585
1619 844
1620
1621 2091
1622 144 1299 411 453
1623
1624
1625
1626 1912
1627
1628
1629 2417
1630 2412
1631 1333
1632 2433
1633 2406
1634 880 1292
1635
1636 922 1263
1637 1722 2440 2402
1638 686
1639 1760
1640
1641 826
1642 1563 1339
1643 571
1644 2466 2054
1645 1240 1891
1646 638 1861
1647
1648
1649 566
1650 909
1651 2032
1652 442 2169
1653
1654
1655
1656
1657
1658 1258
1659 1914
1660 470
1661 2071 1839
1662
1663 1757
1664 1320
1665 1135
1666
1667
1668 274 2312
1669
1670
1671
1672
1673
1674 1168 2022
1675 81 568
1676 1549 530 1695
1677 131 62 1825
1678 1821 1581
1679 843 997
1680 945 1061 1573
1681 1657
1682 480
1683
1684 519 1335
1685 214 1293
1686
1687 2037 2282 2117
1688 960
1689
1690 520 2057
1691
1692 1943
1693 261
1694 2185
1695 1948 2300
1696 1391
1697 961 2461 2236
1698
1699 858 873
1700
1701 1508 2069
1702 2003
1703 1511 1655 2235
1704
1705
1706 1303
1707 342 611
1708 241 1927 878
1709
1710
1711 2019
1712 967 196
1713 2253
1714 457 1676
1715 2281 266 174 217
1716
1717 978
1718
1719
1720
1721 1059
1722 2334 1588
1723 1154 742 1358
1724 556 847
1725 1744 385 378 2201
1726 2478
1727 438
1728 1096 2157
1729 869
1730
1731 1024 210
1732
1733
1734 597 1006 1241 2050 2104
1735 68
1736 1543 1673
1737
1738 1170 1397
1739 50 1130 1205
1740
1741
1742
1743 1244
1744 2340 1651
1745
1746 614
1747 171
1748 223 355 970 1516 1427
1749
1750 2393 636
1751 1238
1752 1249 1503
1753
1754
1755 347
1756 323 2055 791 547
1757
1758 2367
1759 1645
1760 496
1761 809
1762
1763 221
1764 421 2015
1765
1766
1767 2151
1768
1769 2452 1570
1770
1771 1899
1772 1089 257 2284
1773 133
1774 2064
1775 476
1776
1777 2473
1778 1282
1779 1687 401
1780
1781
1782 697 1226
1783 1091
1784 361
1785 2246
1786
1787 1925 1916
1788 1077
1789 1647
1790
1791
1792 1554
1793
1794 1198 1356
1795 2027
1796 1857
1797 1860 468
1798 534 606 1318
1799 2323 2392
1800 1790
1801
1802 1742
1803
1804
1805 1269
1806 2444 2408
1807
1808 82 1311
1809
1810
1811
1812
1813
1814
1815 1308
1816
1817 714 1264
1818 1469
1819 2380
1820 950
1821 653 1243 2118
1822
1823 1871 132
1824 1823 1276
1825
1826 1876
1827 1237
1828
1829
1830
1831 765
1832 1637 1909
1833 1360 1225
1834 548
1835 2391 295 1515 1599
1836 515
1837
1838 177 1681
1839 2175
1840
1841 1528
1842 748 2268
1843
1844
1845 164
1846 435 1092
1847 417
1848 1818
1849
1850
1851 103
1852 1598
1853
1854 1694
1855
1856 1371
1857
1858
1859 1082
1860 1680 1196
1861 797
1862 1467
1863 1291
1864
1865 1460 906
1866
1867
1868 1660 1607
1869 792
1870
1871 1808
1872
1873
1874 2077 1880
1875
1876 991
1877 2326
1878 1192 1416
1879 2116
1880
1881 1203
1882 1100
1883 391
1884 1316
1885
1886 1206
1887
1888 579
1889 2376
1890 315
1891
1892 1677
1893
1894 298 499
1895
1896 458
1897 1229
1898 2066
1899
1900 351 829 1820 1101
1901 2000 1301
1902 161 887 2317
1903
1904
1905
1906
1907
1908
1909 440 648
1910 198
1911 140 572
1912 2359
1913 2243
1914 85
1915
1916
1917
1918
1919 56
1920
1921
1922
1923
1924
1925 662 2048
1926 219
1927 129
1928 942 1806 1380
1929 1494
1930 680
1931 267
1932
1933
1934
1935
1936 1201
1937 1260
1938 481 2347
1939
1940 890 1477
1941
1942 1081
1943
1944
1945 727 1608
1946 1715
1947 344 1265
1948
1949
1950 19 2232
1951 724
1952
1953 2012
1954 1576
1955 594
1956
1957
1958
1959 1172
1960 324
1961 562 2311
1962 2134
1963
1964 918
1965
1966 1954
1967
1968 1402
1969 10
1970 2356 1075 1811
1971 48 1751
1972
1973 2208
1974 1723 2095
1975 2110 1327
1976 446
1977
1978
1979
1980 1758
1981
1982 472 1015
1983
1984 280
1985 704 992
1986 1131 2266 88
1987
1988 1775 1338
1989 436
1990
1991 2354 1814
1992
1993
1994
1995
1996 54 1922
1997
1998 1533
1999 1947
2000 21
2001 912
2002 713 1049 2128
2003 620 904
2004
2005 1738
2006 26 99 896
2007
2008
2009 1704
2010
2011 23 142 1448
2012 720
2013 2107
2014 222 882
2015 779
2016
2017 1798
2018 112
2019
2020 396
2021
2022
2023 651
2024 663 2430
2025 2144
2026
2027 1750
2028
2029 1851
2030 147
2031 1966 1466 1331
2032 540
2033 2394
2034 1919
2035
2036 1911 2024 1357
2037 1441
2038 1872
2039
2040
2041 632 1455
2042
2043
2044 2438
2045 43 94 640 2189
2046 2476
2047 1470
2048 872
2049 371
2050
2051
2052 1088
2053 1955
2054 929 1483
2055 689
2056 1199 587
2057 247
2058 693
2059 126 528 1886 2355
2060 953
2061 762
2062
2063 668
2064 755 1393
2065
2066 1143
2067 840
2068 2264
2069 955 308
2070 2358
2071 63
2072
2073
2074 1794
2075 2202 2219
2076
2077 2181
2078 1855
2079
2080 1609
2081 2234
2082 39
2083 2222
2084
2085 1150
2086 763
2087
2088
2089 2047 1601
2090 2168
2091 1106
2092
2093 617 1305
2094 220 1667
2095 1962
2096
2097 297
2098
2099
2100
2101 1907
2102 1304
2103 941 512
2104
2105 1073 2111
2106 881
2107 2006 646
2108
2109 1617 2152
2110 423 123 1103
2111 1309 2265
2112 1 350 407 500
2113 1310
2114 2365
2115 301 1972
2116 1961 1419 1998
2117 775
2118 1874 1662
2119 2442
2120 1632
2121 1287 1345
2122
2123
2124
2125
2126 471 2142
2127 2163
2128
2129 865 363 2171
2130
2131
2132
2133 49
2134 817
2135 1372
2136 2016
2137 1280
2138
2139
2140 1602
2141 1631
2142 1616
2143
2144 1663
2145
2146 1224 1773
2147
2148
2149 449
2150
2151
2152 848 1884
2153 719 1729 1605
2154 24 251
2155 1361
2156
2157
2158 1278
2159
2160 678 303 434
2161 2296 1591
2162 1801 1917
2163
2164
2165 1037
2166 1285 2179 1027
2167
2168 1119 2100
2169
2170
2171
2172
2173
2174 2409 2422
2175
2176 1056
2177 1481
2178
2179 1782 1026
2180
2181 1328
2182 383 1167
2183 2441
2184 60
2185
2186 1197
2187
2188 2272
2189
2190
2191 687 1047 1444
2192
2193 1671
2194 190 811
2195 1736
2196 774 951 1156 1535
2197 1410 1920
2198 107 1385
2199 722
2200 2454
2201
2202 670 1050 1051 1745
2203 1191 32 815
2204 1831 1030
2205
2206 1365
2207 1234
2208 130
2209 1509
2210
2211
2212
2213
2214 816
2215 2119 485
2216 1754 1885
2217 1531
2218 827
2219
2220 1053 1622
2221 2304
2222
2223
2224 2034 1178
2225
2226
2227
2228 1306 505
2229 275
2230
2231 2210
2232 554
2233 1185
2234 414
2235
2236 2485
2237 650 489
2238
2239 2146
2240
2241 4 1634 2008
2242 1485
2243
2244
2245 1042
2246
2247 1021
2248
2249 654 2165
2250
2251 119 683
2252 175 956 1459
2253 502
2254 1166 1987
2255 1190 397
2256 1364
2257 1352
2258
2259 1383
2260 1780
2261
2262 1668 806
2263
2264
2265
2266 1735 658 349 1120
2267
2268
2269
2270 867
2271 708
2272
2273
2274
2275
2276 1618 430
2277 234 1161
2278
2279 676
2280
2281 986
2282 1898 607
2283
2284 1968
2285 2303
2286
2287 1436 328
2288 229
2289 2369
2290 513
2291
2292 1337
2293
2294 1567
2295
2296 1458 641 2437
2297 127
2298 1141
2299 46 2087 2092
2300
2301
2302 325
2303 825
2304 1424 1022
2305 1644 2278
2306
2307
2308 1969
2309
2310
2311
2312 1478
2313
2314
2315 1659
2316 1012
2317 1878
2318 6 1743
2319
2320 22
2321 1901 1465 2247
2322
2323
2324 2206
2325 1216
2326 851
2327 1233
2328 477 1362 894 691
2329
2330
2331 1428 2205
2332
2333 931
2334 141
2335 343
2336 2250
2337 2465
2338
2339 746
2340 302
2341
2342 454 2035 2170
2343
2344 856
2345
2346 1896
2347
2348 1534
2349
2350 780
2351
2352 170
2353 1946 113 835
2354 357 2017 2230
2355 1765
2356 1457
2357 1879
2358
2359 2215
2360
2361 2153 393
2362
2363
2364 2173
2365
2366 1937 728 2254 1208
2367
2368 1400 879
2369
2370 283
2371
2372 1769
2373
2374 2241
2375 1693
2376 2102 938
2377
2378 116 1421 1218 1435
2379 384
2380 2464
2381
2382 117
2383 930
2384 226
2385 1097
2386
2387 13 478 2413
2388 517
2389 1210
2390 1792 574 2424
2391 143
2392
2393 101
2394
2395 975 1593
2396 136 1889
2397
2398
2399
2400
2401
2402
2403
2404 2399
2405
2406
2407
2408
2409
2410 989
2411 1370 1903
2412
2413
2414
2415 1747
2416 69
2417 1931
2418 1004
2419 2059 2479
2420 928
2421
2422
2423
2424
2425 625 1732
2426 336 1110 1223 1490
2427 1980
2428 1253 561
2429 359 1404
2430
2431 201
2432 2262 921
2433 365 1710
2434 312
2435 35 1816
2436 820
2437 1453 948 2028
2438
2439 1845 1090
2440 464 659
2441 106
2442 925 788
2443 1212
2444 2031
2445 1537
2446 1321
2447 228
2448 186
2449 1793
2450
2451 2283
2452 110 2139
2453 749
2454 305
2455 1386 1373
2456 655 256 1523 2136
2457
2458 818
2459 1207 701
2460
2461 1856
2462
2463 2350 2184
2464
2465 552 914 2397
2466 831 2387
2467 1121
2468
2469
2470
2471 321
2472 2197 1685
2473 1698
2474
2475 1148
2476 2448
2477 1381
2478 1697 290
2479 657
2480 1102 1134
2481
2482
2483 197 1529 575 1336
2484 1759 408 2449
2485
2486 1376 940
2487 1275 2196
2488 1288 1978
2489
2490
2491 550 2172
2492 730 888 1281
2493
2494 712
2495
2496 70 268
2497
2498 1349 1046 1340 1768
2499 808 2122
