#/n/fs/ragr-research/projects/fastppm-data/bin/simulate.py --mutations 1000 --samples 3 --coverage 30 --seed 4 --output sim
# GMT Sun Oct 13 15:00:59 2024
# 
0 735
1
2 981 129
3 998 872 677 861
4 804
5
6 879
7 693 465 326 936
8 300
9 771
10 806 748
11 918
12 724 890 616
13 400
14 342 146 545 781
15 777
16
17
18 210
19 89
20 107 115 969 363
21 626
22 264 974
23
24
25 174
26 307
27 568 213
28 246 280
29
30 930
31 841
32 620 714 694
33
34 149 745 866
35 473
36 505
37 527
38
39
40
41 878 646 471
42 707 809 727
43 409 695 754
44 74 286
45
46
47
48 905
49
50 690
51
52
53 741
54
55 817
56 399
57
58 85
59 798
60 102 601
61 239
62
63
64 957
65
66
67 675 772
68
69 564
70 195 224
71 285
72 79 385
73 529
74 730
75
76
77 966 763
78
79
80 188 788 642
81 971 837
82 226
83
84 348
85 652
86 539
87 318
88
89 483 630 633 896
90 40
91 931
92 621
93 512 554
94 391 10
95
96 287
97 657 303
98
99 561
100 9 956
101
102 42 259 152 86 678
103 270
104 278 794
105
106 281
107
108 830 418
109 526
110 294 650
111 648 858
112 587
113 607 78
114 615 181
115
116
117 219 622
118 802
119 792
120 84 883
121
122 840 100 55 647 684
123 374 7
124
125 831
126 108 435
127
128 498
129
130 59 157
131
132
133 753 180 744
134
135
136 90 808
137
138 447 641 833
139
140
141 402 604
142
143 309 438 799
144 651
145 144
146 819 480
147 768
148
149
150
151 76
152 308
153
154 20
155 827
156 993
157 520
158 123
159 669
160 541
161
162
163 937
164
165
166
167
168 448
169 298
170
171
172
173
174 683
175 487
176 200 332
177 485
178 257
179
180 590
181
182
183
184 50 428
185 856
186
187
188 765
189 815
190 584 978
191 8 87
192 586
193
194 984
195
196 803 371 394
197 839
198 489 593 333 667
199 361
200
201 350
202 176
203 360
204
205 321 468 865
206
207 51
208 921
209 934
210 851
211 696
212 649
213
214 612
215
216 215
217
218 843 116
219 442
220
221
222 867 821
223 29
224
225 805
226 293
227 456
228 721
229 93 139
230
231 4
232
233 589
234 250
235
236
237
238 924
239 253 429
240
241 27 57
242
243 706
244
245 311 682
246
247 654
248 61
249 964
250
251 312
252 764 873
253 30
254 793 221 444
255
256 524 571
257 898 525
258
259 548
260 17 767 938
261 63
262 713
263 624
264 60 760
265
266
267 692
268 182
269 661
270 860
271 119
272 855 335 868
273
274 441 127 245 814
275
276
277
278
279
280 583
281 330
282 426 742 662
283 475 959
284
285
286 48 140
287
288 28 446
289 160
290 461 490
291
292 422
293 776 109 602
294 135
295 534 547
296
297 198
298
299
300 35 723
301 775 672
302 828
303 688
304 637 171
305 857
306
307 324 319
308 83 316
309 671
310 681 704
311
312
313
314 718 995
315
316
317
318
319
320 469 977
321 126
322 189 268 542 494
323
324 137
325 96
326
327
328 436
329 367
330
331
332 659
333
334
335 47
336
337 3 656
338
339 356 701 751
340
341 572 170 230
342 113 225
343 143 954
344 352
345 33 103
346 341 902
347
348
349 227 766
350 563
351
352 346 295
353
354
355 532
356 884
357 854 600
358
359
360
361 558
362
363
364
365
366 509 77 913
367 725 375
368 26 92 262
369
370 305 315 575
371 850 752
372
373
374 196 847
375
376 94
377
378
379 594 987
380 231 452 383 164
381
382 782 674
383 496 504
384
385
386 214
387 870 712
388
389
390 244
391 477 105
392
393 523
394
395 660 570
396 232
397
398 209
399 151 947
400 175
401
402 14 167 168
403 64
404 670
405 366
406
407 655 389
408 410
409
410
411 963
412
413 816
414 790
415 131 277
416
417 822 387 479
418
419 331
420 247
421
422
423
424 635
425 98 909
426 11
427 801
428 392
429 41 908 738
430 106
431 689
432
433 894
434
435 691
436 32 874
437
438
439 54
440 467 492 543
441 810
442 39
443 282 364
444
445 818
446
447 999 273 550
448
449
450
451
452 664
453 205
454 125 372
455
456
457 24
458
459 416
460 12 235 994
461 396
462 953 968 551
463
464 411 540
465 256
466
467 380 996
468 306 423
469 888
470 466 904
471 501 910
472
473 403
474 975 901 384
475 218
476
477 301
478 184
479
480 962
481 185 242
482 632 679
483 457 95 773
484 474 183
485
486 481 503
487 289
488 628 941
489 272
490 825
491
492 433
493 510 199
494
495 737
496 65 334 734 784
497 597
498 618
499 976
500 829
501
502 21
503 284
504 132
505
506 929
507 538
508
509 933 136 478 658 544
510 114 223 353
511 414
512
513 395 515
514 156 34 595
515 881
516
517
518 439 826
519
520 521
521 506 925
522 49 275
523 619
524
525
526
527 719 636
528
529 172
530 942
531
532 404
533 67 877
534
535 610
536 955
537
538
539 562 939
540
541 546
542 186
543
544 437 762
545
546 415
547
548 950 951
549
550 985
551
552 686 217
553
554
555 261 150
556 644 899
557 560
558 887
559 46
560 15 638 852
561 68 488 463
562 911
563 288 323
564 585
565 791
566 991
567 470
568 557 785 338
569 778
570
571
572 283
573 948
574 258
575
576 2
577 780
578 31 204 945
579 462 314
580 576 424 260 112
581
582
583
584
585
586 141
587
588 5 836
589 97 625 201
590
591 522 386
592
593 665
594 708 155
595 535
596 729
597 208
598
599 347
600
601 842
602
603
604
605 882
606 673 417
607 344 202
608 66
609 797
610
611
612 511
613
614
615 486 728
616 853
617 158
618 606 507
619
620 274
621
622
623
624 458
625 191 609
626
627 405 162 476 611
628 193 720
629 459
630
631
632 153
633
634 900
635 588
636
637 552 120
638 194 823
639 451
640
641 290 569
642
643 592 862
644 37
645
646 445 373
647 166 173 536
648 128
649 952
650
651
652 343
653 236
654 990
655 812 279
656
657 876 800 292
658 889
659 824
660 472
661
662 769 577
663 249 613 702
664 579 431
665 846
666 122
667
668 578 645
669
670
671 91
672
673 13
674 528
675
676 197 269
677 328 358
678
679
680 397
681 362
682
683 697 248 117
684 982
685
686 556 43
687
688
689 365
690
691
692
693 165 369
694
695
696
697 376
698 726
699 453
700 233
701
702
703 454
704 912 923
705 379 926 519
706
707 565
708 252
709 206
710
711
712 355
713
714 351
715 36
716
717 190 313
718
719 179 603
720 370
721 989 709
722 69
723
724 378
725 653 388
726
727 596 973
728
729
730 80
731 482 234
732
733
734
735 118 750
736
737
738
739 845
740
741 617 811 110
742 52
743 154 58
744
745 267
746 668 530
747 935
748
749 38
750 960
751
752
753 22 787
754
755 325
756 398 390
757 382
758 336
759
760 169
761
762
763 265
764 111
765 779
766
767 419
768
769 464
770 943 368
771 484 703 291 553 880
772 983
773
774 582
775 580
776 75
777
778 401
779 163
780
781
782 327 992
783
784
785 591 491 698
786 240
787
788 406 449 716
789 138
790 329 834
791 407
792 241 759
793 499 566
794 299 740
795 177 276 863
796
797 961 807 979
798
799 970
800 493 81
801 940 359
802 928 211
803 133 893
804 732
805 608 699
806 254 518
807
808
809 357 88 687
810 124 919
811 460 906
812 514 949
813 82 517
814
815 207 161 986
816
817 731
818 786
819 216
820 922
821 685 739
822 19
823 45
824
825
826 549
827 795 212 339
828 783
829
830 813
831 891 917
832 425 516
833
834
835 53
836
837 237
838 871
839 927
840 972
841 663
842 757 605
843 6
844
845
846 722
847 747 958
848 304
849 222 296 916
850 62
851
852
853 631
854 700 533
855 44
856 676
857
858 914
859
860
861 897 145
862
863 920
864 835 178
865
866 573
867 944 121 513 450
868
869
870 886 838
871 381 581
872 666 755 643
873 980
874
875 680 796 915
876 25
877
878 749 869
879 832
880
881
882
883 148 574 408
884
885
886 997
887 302
888
889 142 187 412 508 710
890 531
891 220
892 559
893
894 421
895
896
897 134
898 440 310
899
900
901 266
902
903 104
904 500 614
905 72 733
906 73 413
907 875
908 130
909
910
911
912
913 497
914
915
916 907
917 736
918 263
919
920 885
921 537
922 420
923
924
925
926 502
927 18 761
928 849 627 717
929 599
930
931 23 251 932
932 895
933 443
934 903 147
935 322
936
937 345 340
938
939
940 756
941 317
942
943 1 159
944 337 555 634
945
946
947
948 629
949 71
950 848 758
951 844 988
952 238
953 16
954
955
956 320
957 820
958 567 711
959 430 255
960 743
961 598
962
963
964 99
965 271 427
966 101
967 229
968 297
969 243 432 623
970
971 56 640
972 228
973
974 349
975 746 967 377 455
976 789
977
978
979 946
980 203
981 70
982
983
984 715 639 774
985
986
987 354 434
988 859
989 192
990
991
992 495
993 770
994 393
995
996
997 892
998 864 705
999 965
