#/Users/schmidt73/Desktop/fastppm-data/bin/simulate.py --mutations 500 --samples 3 --coverage 1000 --seed 11 --output sim
# GMT Fri Sep 13 14:25:08 2024
# 
0 316 197
1 471
2
3 125
4 236 330
5 483
6
7
8 384
9 469
10
11
12 215
13 480 258
14 317 131 259
15 307
16 117 62 422
17 306
18 39
19
20
21 371
22 99
23
24 276
25 107 362 496
26 255
27 304
28
29 71
30
31 311 154
32
33
34 88
35
36 70
37 220 251
38 207 400
39 406 57 103
40 239
41 156
42
43
44 405
45
46 456
47 32
48
49
50 375
51
52 30 383
53
54
55
56 157
57 222 300
58 440 121 233
59
60 230
61 28 358
62 337
63 151
64 113
65 92
66 144
67 153
68
69 91
70 417
71 20 119 109
72 40 268
73 12 219 346
74
75 182 492
76
77
78 15 35
79
80
81 139 463
82 98 262
83
84
85 96
86 283
87 277
88 436
89
90
91 11
92
93 76
94 487
95 8
96
97
98 195 413
99 86 115
100 389
101 320
102 214 333
103
104 41
105
106
107
108 66 291 287
109
110 465 411
111 114
112
113
114 161 227
115
116 173
117 203
118 363 210 461
119 443 235
120
121
122 250 60
123 185
124 350 216
125 354 190 245 481
126 10 79
127 158
128 206
129 106
130 9
131 135
132 407 472 249
133
134
135
136 261
137
138
139 434 488 159
140 285
141
142 381
143 122 393 466
144 425 3 69 187 270
145 68 266
146 294 53
147 226
148 399
149 424
150
151 74
152 367
153 24 493
154 271
155 27
156
157
158 244 284
159
160 205
161
162 36
163
164 349
165
166
167
168 209
169 155
170 438
171 193 46 75 454
172
173
174 204
175 132 305
176
177 171
178 43
179 213
180
181
182
183
184 237
185 241
186 365
187
188 429 491
189
190 419
191 164
192
193 1 494 444
194
195
196
197 130 184 61 110
198 29 181 475
199 420
200 170
201 129
202
203 410
204 50 120
205
206
207
208 338 453 257 123
209 448
210 5
211 344
212 102
213 474 468
214
215
216
217 242
218 85
219 366 402
220 176
221 147
222 232 428
223 49 160 192
224 45 347
225
226
227
228 137
229 385 128
230 335 328
231 272 281
232
233 309
234 292
235 378 288
236
237 78 433 168
238 208 44 377
239
240
241 84
242 231
243 326
244
245
246 415
247 80 432
248
249
250 47
251
252
253 145
254 467 450
255
256 126
257 497
258 368
259
260 2
261
262
263
264
265
266
267
268 473
269 252
270
271 33 59 77
272
273
274 90
275 31
276 247
277 495
278 238 111
279 430
280 470
281 479
282 234
283 297
284 462
285
286
287 323
288
289
290 264
291 327 253
292
293 100 240
294 275 196 490
295
296
297 341
298 278 72
299
300
301 4 34 302
302
303 308 441
304
305 194
306 325
307 460 409 476
308 301
309 313
310 395 105 322
311 439
312 211 334
313
314 477
315 16
316 315 416 89
317 67 152
318
319 229 127
320
321
322
323 345 376 225
324 21
325 303 401 340
326 458 267 342 482
327 17 442 97 138 431
328
329 339 485
330 414 447
331
332
333 364
334
335 374
336
337 293 228
338 426
339
340 19
341
342
343 162 149
344 455 37 218
345 142
346 360 390
347 408
348 370
349
350 51
351 243
352
353 52 464
354 427 265
355 498 189
356 58 224
357
358 332
359
360 357
361 175
362
363 279 83 217
364
365
366 140
367 457
368 352
369 486
370 223 55
371 180
372 148 403
373 143 38 336
374 65
375
376 478
377
378 387
379 398 221
380
381 104 48
382 73
383
384 7 397 314
385 343 178
386 484
387 112
388 179 356
389
390
391 118
392 310
393 299
394 459
395 324 101 446
396
397 451 199 421
398 81 423
399 25 418
400
401 18
402 141
403 172
404 54 412
405
406 369
407 254
408
409
410 391 290 449
411 273
412
413
414 331
415
416 64 136
417 382 42 87
418 445
419
420
421 380
422
423
424 329
425 177 198 280 435
426 379 183
427 312 353 452
428
429
430 361 355 200
431
432 321 437
433 56
434 6
435
436 188
437
438
439 26
440 13
441
442 169
443 146 94
444
445
446
447
448 167 286 318
449
450
451 191 282
452 359
453 14 116
454 201 269
455 372
456 394
457 165 499
458 256 319 296
459 404 186
460 248 289
461 23
462
463
464
465 93
466
467 388 63
468 163
469 260 489 386 295
470
471
472 298 95 348
473 82 134
474 108
475
476
477
478 124
479
480 166
481
482
483 212
484 263 396
485
486 22
487 274
488 373
489 351 133
490
491
492
493 246
494 150
495
496
497 174 202
498 392
499
