#/n/fs/ragr-research/projects/fastppm-data/bin/simulate.py --mutations 100 --samples 3 --coverage 100 --seed 2 --output sim
# GMT Sun Oct 13 15:00:03 2024
# 
0 30 52 25
1
2
3
4 31 18
5 10 96 78
6 77
7
8 60 70
9
10 82 29
11 37 93
12
13
14
15 3 51 95
16
17
18
19 11 71 99
20 33
21 15 8
22
23 89
24 94
25 34 68
26 13 66
27
28 61
29 24 73
30 1 6
31 44
32
33
34
35 64
36 39
37
38 62 53
39 4
40 79
41 72
42
43
44 98 21
45 38
46 19 49
47 35
48 84
49
50
51 81
52 36
53
54
55 14 88 23
56 9
57 54
58
59 50
60 97 16
61 7
62 26
63 59
64 43 75
65
66
67 46 32 83
68
69 63
70 48
71 22 58
72 87
73
74 65
75
76
77 56
78 85
79 55
80 45
81
82 2 80 47
83
84
85 90
86
87 92
88 20
89 69
90 67 27
91 28 86
92
93
94 42
95 76
96 91 17 41 57
97 12 40 74
98 5
99
