#/n/fs/ragr-research/projects/fastppm-data/bin/simulate.py --mutations 100 --samples 3 --coverage 1000 --seed 10 --output sim
# GMT Sun Oct 13 15:00:03 2024
# 
0 84 80 48 98
1 7 42 79
2
3
4 24 12
5
6
7 51 96 99
8
9 78 90
10 18 31 39
11
12
13 28
14
15 74
16
17
18
19
20
21
22 41 11
23 15
24 55 44 58
25
26 29 88
27
28 66 70
29 40 72
30
31
32
33 97
34 63 49
35
36
37
38 36 86
39
40
41 91 26
42
43
44
45 21
46
47 2 3 92 75
48 64 73
49
50 81
51 71
52 30 50
53
54
55 89
56 59 46
57 9 34 13 32 85
58
59 82
60 61
61
62
63 8 56 20 25
64
65
66 45 76
67 6
68 33 27
69
70 94
71
72
73
74 19
75 38 54 77
76
77
78 4 17
79 43 53
80 95 67
81 60
82 16 37 65
83 22
84 1 10 52
85
86
87 35 69
88
89 47
90 87
91 68 93
92 83
93 23
94
95 57 14
96
97 5
98 62
99
