#/n/fs/ragr-research/projects/fastppm-data/bin/simulate.py --mutations 2500 --samples 3 --coverage 100 --seed 1 --output sim
# GMT Sun Oct 13 15:07:08 2024
# 
0 839 1324
1 2284
2
3
4
5 1170
6
7 1190 1245 2167
8
9 1325
10
11 143 944
12 315 561 536 2406
13 1611 1652
14
15
16 676
17 1718
18 399
19 2287 1288 2223
20 1395
21
22 1137
23 1321 507
24 710
25 722 316
26 597
27
28 673 2193
29 1257
30 656 2485
31 219
32
33 2087 1447 2033
34
35 207 929
36 583 1502
37
38 1872
39 268 908
40
41 1861 2109
42 692
43
44
45
46 397
47 1574
48 768
49 1064
50
51 2297
52
53
54 1854
55 899 992 1920
56
57 732
58 1084
59 300 2477
60 2117
61
62
63 41 765
64
65 958
66 442
67 353 2448
68 251
69 1369 318 892
70
71
72 2471
73 1631
74
75 1411 140 211
76 2313
77 720
78 866
79 434 2483
80
81
82 2279
83 2249
84 999 665 2424
85 1059
86 238
87 1071
88 1506 1264
89 506
90 1159
91
92
93 451 1246
94
95
96 259 2074 2280
97 2178
98 1428
99
100 231
101 1586 1180
102 1639 526
103 1963
104 734
105 1503 2379
106 2049
107
108
109 1812
110 2292
111 578 1210
112 1194 1900 1083
113
114 1642
115 173 2389
116 1464 403 1660
117 698 1600
118
119 767 2457
120 639 378 1174 1461
121 455 2241
122
123 485 2146
124 694
125
126 728 875 1936
127 1448 2264 2398
128
129 212 2323
130
131 1554 2140
132 105
133 1647 1168
134 424 1117
135 2128
136 1755
137
138
139 1201 1308
140 209
141 1934
142 472
143
144 1829
145 189 902 118 410
146 436
147
148 1337
149
150 1197
151 260 1435
152
153
154
155 1160
156 2100
157
158
159
160 1186
161
162 493
163
164 1341
165 1300
166 2158
167 1800 1555
168 341 440 1563
169 226 2155
170
171
172
173 161
174 1787
175
176 1097
177 227
178
179
180 2160 2134 2276 976 1561
181 373
182 1835
183 417 2423 1093
184
185 1282 303 468 1673
186
187
188
189 2385 480 1410
190
191
192 1440
193 2402
194 1556
195
196
197
198 1524
199 697
200
201 2425 862
202 1192
203
204
205 1505
206
207 1146 1984 586
208 2138
209 1788 2017 235 548
210 1446 1609
211 2339 2309
212
213 421
214 2365 623 2451
215
216 2213
217
218 1301
219
220 106 612 712
221 1007
222
223 784 192 289 1230
224 931
225
226
227 463 991 721 2321
228
229 2234
230
231 711
232 487 1982
233
234
235 584
236 898
237 1163 1774 896
238
239
240 2070
241
242
243 2274 1474 1948
244
245 2067 197
246 636
247 1167
248
249 2445
250 46
251
252 2238 633
253
254 1182 1185
255 1651
256 1100 1753
257 835
258 1394 534 843
259 483
260 1836 452 1790
261
262
263 2362 2489
264 2426
265 1311
266 827 595
267 16
268 2367
269 1509
270 718 1811
271
272 2025
273 2127 855
274 1659
275
276 128 1385
277 749
278 1896 1314
279 191
280 1354 1583
281 1966
282
283 187 940 1668
284
285 1005
286
287 874 969
288 946
289 1797
290 675
291
292 204 785 1322 2474
293 229 2248
294
295 44 413 1892
296
297 15
298 2364 913
299
300 1438 193 1648 2251
301 302 1983
302 190
303 2026 2204
304 325 838
305
306 2151
307
308 1149 1501
309
310 1011
311 1599 2189
312 1625
313
314 1726
315 1298
316
317 2428
318
319 959 1809
320 2156
321 54 2418 2427
322 1751
323 2072
324
325 1328
326 2488
327 172 254 299
328 276 1259
329 1875 1575 1682 871
330 2179 131
331 926 461 2377
332 2175
333
334
335
336
337 489
338 196 291
339 947
340 613
341 2208
342
343 55
344 655 1923
345 773 2188
346 86 2135
347
348
349
350
351 65
352 1495
353 1351
354
355
356
357 1032
358
359 2401 1347 1989
360 2376
361 845
362 535
363
364 1010 338 1767
365 385
366
367 7 1559 1018
368 2498
369
370 34
371 1008
372 2201
373 1439
374 1620 2465 1309
375 72
376
377 605
378 2132
379 657
380
381 1711
382 2350 609 408 2209 1014
383 1375 1622
384
385 1973
386
387
388 543 1725
389
390 1254
391 727
392
393
394 616 2068
395 2288 989 921
396 549 2306 1906
397 2199
398 1856
399 179
400 275
401 1684 1145
402 2319
403 1079
404
405 984 1588 1235 2404
406 1297
407 269 1476 1391
408 1365
409
410 2300
411
412
413
414
415 1533 1255
416
417
418
419 1384
420 364
421
422 1672 2296 2216
423 1453
424
425
426
427
428 98 393 466
429 802
430 1148 2060
431 2214 165
432
433
434 1287
435 762 1227
436 640 670 2463
437
438
439
440 878 1513
441 1883
442 1736 1415 1127 2352
443 1958
444 441
445
446 1924
447 310
448
449
450 1840 2078 1612
451 45 2229
452 907
453 312 1091
454
455 2380 1329 1650 1352
456
457 520 1686
458
459
460
461
462
463 1377
464 1204
465 842 924
466 1173 1630
467 840 786
468
469
470
471 554
472 2102
473 1820
474 446
475
476 730 2330
477 1974
478 1610 1731
479
480
481 2022 1381
482
483 1882 917 2014
484
485
486
487 1026
488
489 1706
490 2186 978 2064
491 1898 2168
492 2001 152
493 31 658
494
495 1139 539 1960
496
497 509 1184
498 2399
499 1589
500 783
501 1122 1687
502
503 1582
504 501
505 255
506
507 1807
508
509 444
510 1058 1772
511
512
513 1024 668
514 1291
515
516 35 1717
517 1484 1519
518 502 1696 2421
519
520 240 571
521 1521
522 1680
523 2240
524 374
525 94
526
527 321 2120 2154
528 348
529 1537
530 1392
531
532 2
533
534 1968
535 1252
536 1277
537 1187 1025
538 1090 1156
539
540
541
542 343 148 449 2307
543
544
545 488
546 1402
547 1604
548
549 725
550
551 182 1928
552 2005 2281
553 806 1468
554 1655
555
556
557
558 63 1256 2006
559 1644 2206
560
561 1504 1824
562
563 367 631
564
565
566 2499
567
568
569 1306
570
571
572 696
573 32 1233
574 2397
575
576 731
577
578 795
579
580
581
582 286 2393
583 1073
584 262
585 674
586
587 573 671 90
588
589
590 1445
591 1112
592
593
594 38 689 200
595
596 174 887 2345
597
598
599 1040 2030
600 1189 2419
601
602
603 103 2202 1823
604
605 2242
606 2231 1051
607
608
609 309 357 1418 1407
610 1552 2396
611 416
612 2302
613 2411
614
615 2355
616
617 647 2358
618
619 2085
620
621 1133 1055 2225
622
623 491
624 181
625 308 1548 1870
626 791 1218
627 1909 1191
628 975
629 1317
630 1775 1564
631
632 335 1134
633
634 1193
635
636 1917 2166
637
638 2492 1376 494 630
639 267 164
640
641
642
643 216 918 2268
644
645
646
647
648
649
650 2133
651 1972 2459
652 889 1357 1903 1988
653 537
654 1406
655
656 627 283 2366
657 1776
658 2162
659 1701 2295
660 1166 1074
661
662 2124
663 222
664
665
666
667 1733
668
669
670
671 745 788 2277 1473
672 49
673
674
675
676 1859
677 471 2095 1964
678 2184
679 954
680 863
681
682
683 400 2090
684 793
685 938
686 1387
687 1330
688
689 945 2224
690 910
691 1608
692 293 1817
693
694
695
696 2042
697 1837
698 327
699
700 1745
701 752 1690
702 1222
703 812 2222
704 2122
705
706
707 1305
708 1511 2023
709
710 877 1279
711 459 699
712
713
714
715
716 941
717
718 277
719
720 2408
721 1022
722 1147 903
723
724 532 1086
725
726 206 2387
727 1050 2114
728 2305
729 968 2235
730
731
732 2236
733 1089 356 2496
734
735
736
737 375 761 1113
738 575
739 2197
740 1550 1801
741 351
742 1804 2327
743 1094 837 1598
744 1707 138 158 2108
745 1052 2065
746 448
747 2332
748 949
749
750 662 923
751
752
753 2269
754
755 2165
756 342
757 510
758
759 830 751
760 1759
761 332
762 643 1904
763 330 1240 646 1454
764 1941 412 1144 2089
765 430
766
767
768
769
770
771
772
773
774 2456 1567 252
775 1543
776 1054
777
778 1937
779 2371
780
781
782 157
783 891
784 151 1587
785
786 624
787 83
788
789 2217 154
790
791
792
793
794 1727
795 1320
796 377 1542 1874
797 521 2101
798 1275 2439 2173
799
800
801 1697
802 743
803
804 74 995
805 114 1526
806 1781 1226 1103 1891
807 2016
808 2119
809
810 1634 653 1980 1098
811
812 1959
813 298 1884 1251 1492 1785
814 542 460 2481
815 901
816
817 637
818 2422
819 2230 700
820
821 1614 2136
822 963
823 897
824 2003
825
826 1449 1603
827 2110
828
829 1617
830 859 2008
831
832 123 1169
833 1470
834
835
836 462
837 516
838
839 1844 2171 453
840 2450 1489
841 790
842 337 1899
843 2433 1299 1886
844 741 1857 2407
845
846 2112
847
848 1125
849 2126 2219
850
851
852
853 2174
854 1623
855
856 418
857 906
858
859 2244
860
861
862
863 634 1535
864 753 428 1814
865
866
867 2372
868 473
869 1143
870 2479
871
872
873 1703
874
875
876
877 2009
878 1009
879
880 214 2493
881 1729 261 1072
882 2181
883 1036
884
885
886 952
887 1057
888
889
890 2437 1429 2040
891
892
893 2172 1049
894 2196 78 660 2159
895 2027
896 1746
897
898
899
900 894
901 1006
902 1363
903 320
904
905 1847
906
907 265
908 2378
909 1538 1200
910 2147 1472
911 1493 170 513
912 1048
913
914
915 1400
916
917 508 1367 1333
918
919 19 744 1569
920 518
921 2290
922
923
924
925 1140
926 1012 389
927
928 1217
929 1799
930 329 1397
931
932
933 1360
934 1738 1825
935 778 594
936
937 966 585 758
938 23
939 1956
940
941 1342 1626
942
943 1527
944
945 52 1540
946 1761
947 237 1828
948
949 1359
950
951 2293 2340
952
953 379
954 362 365 1782 1981
955 27 2464 2211
956 273
957
958 672 438
959
960
961
962
963 2055 311 352
964 1676 815
965
966 1132
967 987
968 1141
969 1730
970 1433
971
972
973 1383 1124
974 1421
975 1664
976 1172
977
978
979
980
981 223
982 1606
983
984 1749 228
985 1312
986
987
988 1066 1532
989 304 1679
990
991 1656 2347
992 1195
993 1530
994
995
996
997
998 48
999 1477 780 993
1000
1001 800 1522
1002 2386 601
1003
1004 1699
1005 498 1747
1006 230
1007 371 2131
1008
1009 381 1778
1010 1939
1011
1012 2059 2170 1161
1013 545 1183
1014 1426
1015 2038
1016
1017 290 2487
1018
1019
1020 763
1021 625
1022 849 1211
1023
1024 683 1123
1025 2331
1026 1987
1027
1028
1029 2420
1030 1424
1031 132 147 1739
1032
1033
1034
1035
1036
1037
1038 51
1039 2311 869
1040
1041
1042 1793
1043 1179
1044
1045 2169
1046 244
1047 809
1048
1049
1050 1946
1051 1695
1052 42 912
1053 596 183 1826
1054 970 2395 1136 2334
1055 686
1056
1057
1058 779
1059
1060 1927 1471 2203
1061
1062 709
1063 820
1064 2183 245 684
1065
1066 481
1067 1889
1068
1069 88
1070 736
1071 2315
1072
1073 1715
1074 540 1520
1075
1076 137 2079
1077 93 1694
1078 930
1079
1080 1349
1081 328 1181
1082
1083
1084 307
1085
1086
1087 1621
1088 233
1089 79 706
1090 29 1935
1091
1092 598
1093 1666
1094 844
1095 274 2034
1096 2289
1097 1851
1098
1099 392 1643 1436
1100 2468
1101 50 582 882
1102 2024
1103 366
1104
1105
1106
1107 919 1482
1108
1109
1110
1111 61 635
1112 1077
1113
1114 2260
1115 1691
1116
1117 2460
1118
1119
1120 756
1121 1031
1122
1123 1490
1124
1125 1498 2018
1126 1871
1127
1128
1129 593
1130 423
1131 998 1261
1132 1366 980
1133 1250 97 1106
1134 504
1135 1994
1136
1137 1430 1220 2215 1618
1138 1331
1139 677 425
1140
1141
1142 162
1143
1144
1145 895 576
1146 39 213 707 1241
1147 956
1148 1629
1149 2354
1150 210 176
1151
1152 1339
1153 757 2221
1154 1437 1469
1155 2012 588
1156 735
1157
1158
1159 1247 2262
1160
1161
1162 1671
1163 186 1442
1164 1253 1265
1165
1166 880 556
1167
1168 435 281
1169
1170 559 2130
1171 729
1172 1573 236 715 1138 1216
1173 557
1174 2226 1894
1175 1268 115
1176 2476 1165
1177 738
1178 742
1179 1591
1180
1181
1182
1183 2036
1184
1185
1186
1187 287
1188
1189 552 1029 1539
1190
1191 737
1192 109
1193 256 719 766
1194 376
1195
1196 538
1197 1910
1198
1199 427
1200 1613
1201 198 2141 1905 811
1202 641
1203 1323 1879
1204 102
1205
1206
1207
1208 66 1494
1209
1210
1211
1212
1213 2431
1214 116 1458 1616 2004
1215 900
1216
1217
1218 1553
1219
1220 2415
1221
1222
1223 1069 443
1224 1013
1225
1226 160
1227 2061
1228
1229
1230
1231 432
1232
1233 853 799 1986
1234 1101
1235
1236
1237 142
1238 429
1239 495
1240 1202
1241
1242
1243 249
1244 272 2325
1245
1246 2435 1425
1247 1095
1248
1249 1566
1250 2370 654 817
1251 2182 770
1252 1919 1728 1921
1253 1129
1254
1255 524
1256 703 1292 2164
1257 1783
1258 2429
1259 511
1260
1261 257
1262 2010
1263 974 119
1264 294
1265 2335
1266
1267
1268 62 2301
1269 1043 1362
1270 1237 1771
1271
1272 1042
1273
1274 144
1275 522
1276 1232
1277
1278 1389
1279
1280 1 391 314 1475
1281 1340
1282 2490 454 1743
1283
1284
1285 2007 2442
1286 57 2245
1287 1855 599 1027 1188
1288
1289 2091
1290 2198
1291 2272
1292
1293 11
1294 1076 592 1878
1295 568
1296 2039
1297 1645 2436
1298 22
1299 1082
1300 322
1301
1302
1303
1304 253 2267
1305
1306 2043
1307 1949
1308 608 620
1309
1310 250
1311 188 713
1312 2107 134
1313 234 1266
1314
1315 2037
1316
1317 155 386 1638
1318
1319
1320 701
1321 1244
1322
1323 632 1692
1324
1325 171 821
1326
1327
1328 2308
1329 1545
1330
1331
1332
1333
1334 621 2278
1335
1336 1995
1337 1605
1338
1339 826 1068
1340 1452
1341
1342 126
1343 1214 2081
1344
1345
1346 881
1347 1307
1348 1748
1349 747
1350 1597
1351 1405
1352 1858
1353 2343
1354 2447 1843
1355 2086
1356
1357 2392
1358
1359
1360 1419 1152
1361 248
1362 1516 1880
1363 87 831
1364 168
1365
1366 2368
1367 523
1368 1408
1369 108 288 2149
1370
1371 1944
1372 359 819 2348
1373 1260
1374 124
1375 2384 305 531
1376 81 404
1377 2453
1378
1379 638 1577 1955
1380 2470
1381
1382 2303
1383 724
1384 688 2390
1385
1386 2212 71 169 808 2076
1387
1388 1150
1389 317 1487
1390
1391 224
1392 153 1926
1393 2228 870 514
1394 2058
1395 1335
1396
1397 814 1764
1398
1399 445 867
1400
1401
1402 797 804
1403
1404 297
1405 1975 1805
1406 2253 1151 2080
1407
1408
1409
1410
1411 1388
1412
1413
1414 285 1368
1415 651
1416
1417 810 345 1016
1418 398
1419 574 2103
1420 914
1421 89 1380
1422
1423 232 479 769 2391
1424
1425 759 2161
1426 2104
1427
1428 932 2259
1429 384 1722
1430 1491
1431 988 1712 2207
1432 1162
1433 577 872 1698
1434 383
1435
1436 1281
1437
1438 2438 2497
1439
1440 202
1441 2291
1442
1443 95
1444 934 1225
1445 1283 2310
1446 981
1447
1448
1449 2063
1450 2466
1451 21
1452 2351
1453 2256
1454
1455 133 1911
1456 1683 716 1945
1457
1458
1459
1460
1461
1462 1653
1463 1285
1464 205
1465
1466 1560 2312
1467 401 135 1576 617 1105
1468 1850
1469
1470 1267
1471 1092
1472
1473
1474 847
1475
1476 1393 431 606
1477 2446
1478 1390
1479 1864
1480 1615
1481 1310 1355 1754
1482 2469 2304
1483
1484 40
1485 1413 2237
1486 1262 1976
1487 1596
1488 2381 1177 1602
1489 496
1490
1491 120 1700
1492
1493 829 1107 1258
1494
1495 833
1496
1497
1498 167 1720
1499
1500 857
1501 361 2414
1502
1503 59 622
1504 36 2353
1505 80 349
1506 1131 1741 465
1507 2458
1508
1509 566
1510
1511 2105
1512 2106 1164 1627
1513 648
1514
1515
1516 1154
1517 1979
1518 1404 2190
1519
1520
1521 1714
1522
1523 2484 2011
1524
1525
1526
1527 91 1895
1528 982
1529
1530
1531 1290 1021
1532
1533 2475
1534
1535
1536
1537 2449 2314
1538 1507
1539
1540
1541 2062 2246 2176
1542
1543
1544 1135
1545 1769
1546
1547 2029 2125
1548 530 1765 1893 2083
1549 336 2139
1550 129 746
1551 1443 1444 1547 1665
1552 1808
1553
1554 1549 1118 1628
1555
1556
1557
1558
1559 1274 798 607
1560 1455
1561
1562 550
1563 2194 2097
1564
1565 1422
1566 1517
1567 121 512
1568 615
1569 1319
1570 1592
1571
1572
1573 1993
1574 388 771 1480
1575 558
1576 139
1577 1544
1578
1579 1798 370
1580
1581
1582
1583 1128
1584
1585
1586 1431 2388 579
1587
1588 979
1589
1590 1114
1591
1592 177 58 2232
1593
1594
1595
1596 852 1412
1597
1598
1599 1640 2144
1600 1636
1601
1602
1603 92 2015
1604
1605
1606
1607
1608 99 414
1609 2210
1610
1611 2192 645 1508
1612
1613
1614
1615 1951
1616
1617 787 10
1618 1269 2157
1619 1372 1115
1620 1869
1621 33 221
1622 1721 1581
1623 1888
1624
1625
1626 1965
1627
1628
1629 1737
1630
1631 1067 2142
1632 691
1633
1634 1088 850
1635 776
1636 528 1276
1637 589
1638
1639 1997 1061 1786 2440
1640
1641
1642
1643 1096
1644 973 1669 856 1062 2265
1645 1967 180 184 2266
1646 1842
1647 18 560 1740
1648
1649
1650 1033
1651
1652
1653 1238 890
1654 590 1075 1207 1950
1655 551
1656 284
1657
1658 1702
1659 1818
1660
1661
1662 678
1663
1664
1665
1666 2322
1667 965
1668
1669 96
1670
1671 2412 296
1672 467
1673
1674
1675 888
1676 2432
1677 77 1358
1678
1679 390
1680 864 2021
1681
1682 893 2143
1683 1677 723
1684 1810
1685
1686 1971
1687
1688 220 203 2220 1821 2227 2233
1689 663 1030
1690
1691 1862 2113
1692 626
1693 1420
1694 56
1695
1696 2098
1697
1698
1699 1318 1795
1700 2152
1701 1378
1702 2056
1703 1658 1278
1704 792
1705 1017 2116
1706 2032 1303
1707 685
1708
1709 178 825 1037 1922
1710 2382 1912
1711
1712 1624
1713
1714 985 1488 1952
1715 1451 2494
1716 1841 5 1931 159 581
1717
1718 1806
1719
1720 935 1992
1721 1198 1212
1722
1723
1724
1725 1219 2115
1726 82 2148 1273
1727
1728
1729 1382 928
1730
1731
1732
1733 541
1734
1735
1736 1985 292
1737
1738 680 611
1739 313
1740 1236
1741 603
1742 1723
1743
1744 439 1116
1745 1171
1746
1747 1890
1748 2205 263 1427
1749 1263 2409
1750
1751 2093
1752
1753
1754
1755 943
1756 1845 2472
1757 2121 1867
1758
1759 475
1760
1761 1942
1762
1763
1764 1457
1765
1766
1767
1768
1769 782 860
1770 141
1771 818
1772 264
1773
1774 828
1775 1000
1776 1003 2336
1777 1710 876
1778
1779
1780 130
1781 1102 851
1782 816
1783
1784 2452
1785 2400
1786
1787
1788 1531
1789 2480 2035
1790 1693
1791
1792
1793 1887
1794 1646 387 687 858
1795 2285
1796
1797 1316
1798 1512 1528 1832
1799
1800 1619
1801
1802
1803
1804 1933 748
1805
1806 1414 1637
1807 1344
1808 344
1809 1205
1810 24
1811
1812
1813
1814
1815 241
1816 990
1817
1818 717
1819 733
1820 1914 1601 1996
1821
1822 266 218 1863 2031
1823 2052
1824 629 2416
1825 1954
1826 885 1649 1732
1827 2013 2258
1828
1829 8
1830
1831 2075
1832
1833 270 1752
1834
1835 195
1836 406
1837
1838 2374 2263
1839
1840 60 649
1841 1386 781
1842 395
1843
1844 1462 1938
1845 225 1338
1846 1295
1847
1848 1178 282 564
1849
1850 1272 1578
1851 2286
1852
1853 774 1593
1854
1855 500
1856
1857 690 2048
1858
1859
1860 1373
1861 1584
1862 340
1863
1864
1865 950
1866 572
1867 664 1396
1868 789 2195 2373
1869 185 426
1870
1871
1872
1873
1874
1875 933 1813
1876
1877 2053
1878
1879 1802
1880
1881 70 2118 1709
1882 964
1883 456
1884 326 1757 569
1885 1833
1886 1724
1887 1902 1304 547
1888
1889 695 714
1890
1891
1892
1893
1894
1895
1896 1284
1897
1898
1899
1900 2394
1901
1902 805
1903
1904
1905 1827 2261
1906 2002
1907
1908 567 1572
1909 600 1221 2200
1910 2255
1911 369 2243 2349
1912
1913
1914 478
1915 100
1916
1917 2417
1918 394 836
1919 854 2430
1920
1921
1922
1923
1924
1925 67 1249 2180
1926 2317 904
1927 619 2282
1928 1756
1929 84
1930
1931 1020
1932
1933 75 1794 486
1934
1935 2046 1401 1734
1936
1937 1957
1938 1930
1939 1081 1674
1940
1941 1969 652
1942
1943 347 861
1944 2361
1945 1423 2270
1946 2326 1450 2069
1947 1557 2028
1948
1949 2316 1830
1950
1951 2443
1952
1953
1954
1955
1956
1957 145 2461
1958 822 1085
1959 1515
1960
1961 12
1962
1963 1688
1964
1965
1966 1654
1967 1570
1968 113
1969 334
1970 476
1971
1972 565
1973 1099 1108
1974 1379 1838
1975 726
1976
1977 1270 2020 1784
1978
1979
1980 2088
1981
1982
1983 2185
1984 246
1985 1822 2239 1242 1607
1986
1987 199
1988
1989
1990 17
1991
1992 1496
1993 1632
1994
1995 484 661
1996
1997 1153
1998 915 1779
1999
2000
2001 846 2478
2002 1271
2003
2004
2005 9 517 1417 920
2006
2007 201
2008
2009 127 2283
2010 642 1045
2011
2012 909 1500
2013 868
2014
2015 1885
2016 2434 883
2017 1080
2018
2019 469
2020 1044
2021 112
2022 306 1371 823
2023
2024 529
2025 591 604
2026 519
2027 47 1157
2028
2029 705
2030
2031
2032 104 602 1206
2033
2034
2035 614
2036
2037 101
2038 2363
2039
2040 1063 925
2041
2042 1716 396 2045
2043
2044 936
2045
2046 967
2047 2051 354
2048 972
2049 2218 927
2050 1196 977
2051 1789 1399 681
2052
2053 2342
2054 1441 1176
2055 2054
2056 955
2057 2073 1750
2058 477 1155 1047 1565
2059 1002
2060 2057 1762
2061 764 962
2062 1562
2063 37 1675
2064
2065
2066 739 824 1327
2067 1208
2068
2069
2070
2071
2072 1121
2073 1571
2074 939 1633 1953
2075 346
2076
2077 405 279 1991
2078 301
2079
2080
2081
2082 1336
2083
2084 1481
2085 1848 1326
2086
2087 1704
2088 1001
2089
2090 951
2091 1705
2092
2093 156 380
2094
2095 1998 961
2096
2097
2098
2099
2100
2101 2247
2102
2103 2360 1534
2104
2105 1004
2106 1868 1041
2107 1348
2108
2109
2110 1881 150 1763
2111 740 1760
2112 1819 146
2113 1432 2041
2114
2115
2116
2117
2118 525 1773
2119
2120 2333
2121 2410
2122 2273
2123
2124 324
2125
2126 1296
2127 363 865
2128 1999
2129
2130 953
2131 1199
2132 28
2133 1815 1370
2134 563
2135 2298
2136
2137 464
2138
2139
2140 1119
2141 372 2071
2142 2123
2143 1585 1916
2144
2145 2163 1053
2146 1459
2147 437
2148 242
2149
2150
2151 450 1661
2152
2153 457 1860
2154 1685
2155
2156 667
2157 2462
2158
2159 1943 474
2160 1334 937
2161
2162 503
2163 3 760 1641
2164
2165 1109
2166 755
2167
2168
2169
2170 323 1816
2171 331
2172 2082 1229
2173 2413
2174 1551 562
2175
2176
2177
2178
2179 125
2180
2181
2182 669
2183 407
2184
2185
2186 2145
2187
2188 1409
2189
2190 278
2191 110
2192 644 1766
2193
2194 1356 1978
2195
2196 4 772 948 2320 2359
2197 1525 1901 2467
2198 1518 628
2199 911 813 2486
2200
2201
2202 832
2203 1479
2204 2328
2205 587
2206 166
2207
2208 905 2441
2209 2318
2210
2211
2212 2137 470
2213 2050 1374
2214 402 841
2215 368 1719
2216
2217 382
2218 107
2219
2220 834
2221 319
2222
2223
2224
2225 2324
2226 750
2227
2228 527 879
2229 1035
2230 1929
2231 1039 1744
2232
2233
2234 1846 618 1758
2235 2491 1681
2236 2346
2237
2238 650 570 1034
2239 1213
2240 775
2241 355 1019
2242 1713
2243 1742
2244 796
2245 122
2246 2092
2247 1514 1947
2248 1056
2249 30
2250 409
2251
2252 1796
2253 1294 960
2254 1345
2255
2256 794
2257
2258
2259
2260 1580
2261
2262
2263 2250
2264 1873
2265 1792
2266 1485 1876
2267 1416
2268
2269 20 1463 2153
2270
2271 14 358
2272
2273 25
2274 803
2275
2276 1990
2277 1478
2278
2279 1780
2280
2281
2282 2271 1158
2283 1070
2284 433 515 1735
2285
2286 339
2287 1175
2288 295 1434
2289
2290 1015
2291 1523 68 1568
2292 546 482
2293 610 983
2294
2295
2296 1315
2297 175
2298 136
2299 997
2300 1918
2301 1346 1834
2302 2403
2303 2356
2304 1228
2305
2306 777
2307
2308
2309
2310
2311 163
2312 2275
2313 659
2314 2294
2315
2316 1853
2317 1313 2482
2318 2338
2319 1977 996 1594
2320
2321 1248
2322 2066
2323 1120 2455
2324
2325 1908
2326 1579 1110
2327
2328 957
2329 2187
2330
2331 2019 2454
2332 415 1467 73
2333 243 1913
2334
2335
2336
2337 117
2338 994
2339 1460
2340 1499
2341
2342 1239 419 1332 1768
2343 215 1865
2344 1635 754
2345 1510
2346
2347
2348
2349 2257
2350 1142
2351
2352 1849
2353 1209 2096 2099
2354 1456 666
2355 350 1970
2356 1877 807
2357 2047 1590 1907
2358 886 2177
2359
2360 13 2077 497
2361 1224
2362
2363
2364 693
2365 149 1130
2366
2367
2368 2111
2369
2370 6
2371 360
2372
2373
2374 1289 1350 1398
2375 1028
2376 1280 2495
2377 702
2378
2379 1286
2380 1343 271 1486
2381 1223 2383
2382 1078 1060 85 420 971 1536
2383 580
2384 247 884 1529
2385 553
2386 2084 2150
2387
2388 1111 1915 1483
2389 239
2390 2000
2391 1897
2392
2393
2394 986
2395 1667
2396
2397 1866
2398
2399 704 1065 1558
2400
2401 1215
2402 2337 194 1852
2403
2404 1465
2405 922
2406
2407 1497
2408
2409 2299 1595
2410 458
2411 1961
2412 53
2413
2414
2415 1831
2416 1364
2417 1243
2418
2419
2420 258
2421
2422 2357
2423 544
2424
2425 682 2375
2426 848 111 2341
2427
2428
2429
2430
2431 333
2432 76
2433 916
2434 505 2129
2435 1770
2436
2437 492 208 1546
2438 422
2439 43 533
2440
2441
2442 1662 2444
2443
2444 2044 1657
2445
2446 217
2447 942
2448
2449 2191
2450 873 1087 1231 2369
2451 1126 1663
2452 1791
2453 490
2454 2329
2455
2456 26 1234 1932
2457 801
2458 280 411
2459
2460 1962
2461 2405
2462
2463
2464 2344
2465 555
2466 447 1203 1302
2467
2468
2469 1104
2470 499 2254
2471 2473
2472 1046 1940
2473
2474
2475 1466
2476 64 69
2477
2478
2479 1689
2480 1353 708 1023 1403
2481
2482 1361
2483
2484 1038
2485
2486 679
2487
2488 2094
2489
2490 1925 1541 2252 1839
2491 1670
2492 1293
2493
2494
2495
2496
2497
2498 1678 1708 1803
2499 1777
