#/n/fs/ragr-research/projects/fastppm-data/bin/simulate.py --mutations 2500 --samples 3 --coverage 1000 --seed 19 --output sim
# GMT Sun Oct 13 15:09:27 2024
# 
0 526 1668 2473
1
2
3 1387 1822 2486
4
5 302 1811
6 514 602
7
8 2110 1334
9 714 1376
10
11 2156 135 935
12 2442 712 2211
13 485
14 1003
15
16 2361 1866
17 2422
18 1138 2381
19 337 842
20 1394
21 1425 466 1731 2414
22
23
24 1498 1893
25 2494
26
27 1018
28 1259 2246
29 1655
30 2069 1678
31
32
33 2314
34 798
35 645 1902
36 1820
37 2030 2095 2244
38 215 2312
39
40 570 1087
41 1032 1917
42 1657 13
43
44 151 2449
45 2062
46 2394
47 1122
48 1760 866 874 1246 2326
49 1682
50 401 178
51
52 276 367 982
53
54 2197
55 1732 839
56 724 177
57 2454 1582
58
59
60 353
61 2172
62 1512 808
63 2438
64
65 29
66
67
68 1933 1345
69
70
71 1161
72 856 1019
73
74 207
75
76 1613
77 612
78 233 268 1562
79 368 1550
80 665
81 1802
82
83 1014
84 2468 1005
85 1631 1233
86 2430 1267
87
88
89 257 1662
90 1565
91 1696
92
93 790
94 1257
95 1667 591 2233
96 1607
97 1305
98 416 1347
99 341 2482
100
101 1560 643 2178 2276
102 1919
103 887
104
105
106 319 434 919
107 2474 2387
108 1416
109
110 1599 797
111 745
112
113 1740
114 1843
115 1604 442
116
117
118 718
119
120
121
122 1366
123 197
124 1422
125 347 753
126
127
128 409 806
129
130
131 2265
132
133 90 1453
134
135 2429
136 92
137 635
138 2370
139 30 1403 871 961 1160
140 2245
141 2134 999
142 819
143 1244
144 1075 2247
145 616 542 744 1302 1449
146 382 1339 815
147
148 19 291
149
150
151
152 847
153 1199 2041
154 964
155 1156
156 2137 2453 2180
157 1855
158
159 2274 1191
160
161 83
162 2031
163 668 2078
164 1948 1047
165 737 2278
166 1787
167
168 533 633 689
169
170 1059 1928
171
172 105 719
173
174 127
175
176 1706
177
178
179 713 759 1617
180
181
182 774
183
184
185 2452 2182
186 1520
187
188 1173 1331
189 1009 837 1995 2374
190 2363 1296 2130
191
192
193 902
194
195 641 1847
196 85 1307
197
198
199 1117 732
200 126 1518
201 2191
202 421 1132
203 666
204
205
206 2392
207
208 752 873 1037 1524
209 2426
210 793
211
212 1723
213
214 176 210 224
215 1571 1488
216
217 1827 2025
218 527
219
220
221 153 1210 255
222 845 1846 1953
223
224
225
226 2271 1680
227
228
229
230 2465 2117
231
232
233 1486 1212 2127
234
235 306
236
237 1022
238
239
240 673
241 1965 2139
242 2338 936
243 68
244 1985 231 1386
245
246
247
248
249 1785
250
251 2435
252
253 1177
254 1926 159
255
256 1922
257 2185
258 1921
259
260 1577
261 1187 1321
262 1157
263
264 2270
265 1816
266
267 829
268 1481
269
270
271 2299
272 1084
273 364 1077
274 2273 1399 861
275 948 1435
276 1484
277
278 2391
279 404
280
281
282
283 38
284 2232
285
286 314
287 1423
288
289
290
291
292 1051
293 1697 2288
294 1108
295
296 1551 370 888
297 456
298 332 1814
299 1708 387 188 199
300
301
302 1385
303
304 2462
305 2242 733
306 522
307 1067 1886
308
309
310 2369 1756
311 687 630
312 474 830
313
314
315
316 1776 1235
317
318
319 21
320 1325
321 444
322 1141
323 2144
324
325 1825 91
326 1228 1589
327 817 344 911
328 2460
329
330 1058 1473 93 149
331 710
332 274
333 974
334 725
335
336
337 2316
338
339 589 1020
340 47 2181
341 2397 1218 1663
342 991
343
344
345 2118 604 2301 1255
346 554 833 1583
347
348 478 1080
349 1685 804 1089 1686
350 937
351 192
352 1509
353 1725 780
354 2317
355
356 2159 2239
357
358
359 1323 1049
360 1610 1471
361 2176 1341
362 1081
363 1010
364 734
365 1375 2483
366
367 2383
368
369
370 841 1737
371 1764
372 1155
373 1379 897
374 1716 1901
375 422
376
377 2446
378 885
379
380
381 507 1096
382 2224 1860
383 2082
384 2165
385 2006
386
387 1861
388
389 593 1330
390
391 1098 1433
392
393
394
395
396 163
397 664
398
399
400
401 2214 1817 1015
402 1584
403 271
404 510
405
406 2355
407
408 465
409 1021 2272
410 640
411 408
412
413 2226
414
415 1895
416 546
417 2321
418 206 2125 1977
419 2295 2450
420
421
422 2058
423 445
424
425
426 2124
427 1643
428 64 2104
429 193 323
430 459 1783 1872
431 1475
432
433
434
435
436
437
438 372 681 1146
439 1314 946 2248
440
441 1354
442 304 585 2393
443 1112
444 2192
445
446 284 1559 1742
447 2498
448 52
449
450 2193
451
452
453 20 2089
454 850
455
456 738 2439
457
458 1154
459 1491 1540 2136
460 1675
461
462 908
463
464
465 2359 779
466 1690
467
468 155
469
470 1476
471 1821
472 1046
473
474
475 1534 2360
476
477
478
479 1826 1774
480 1898
481 2339
482
483 563
484
485
486
487 356
488 339
489 77
490 244 2222
491 791 1949
492 2142 1194
493
494 1755 1548
495 2255
496
497 1539 111 2350
498 1850
499 1030 2013
500 1962
501 1343 1838
502 1588 354 899 1521 2032
503 98 1150
504
505 393
506 2334 2064
507 1002
508
509 966 607 1429
510 2045
511
512
513 588
514
515 1773 275
516
517 2011
518 656
519
520 296 901
521
522
523
524 870
525
526 2382 581 1728
527 267
528 504 2175
529
530 392
531 2020 2131
532 524 119
533 2343 2071 1499
534 310
535 1478
536
537 2259
538 363 253 1914
539
540 1659 1982
541
542
543 1205
544 152 307 608 1615 2100
545 228 1209
546 1958 2495 647
547
548 1547
549 1260
550 1365
551 1308
552 553
553 1172 1001
554 632 2250
555 1378
556
557 1328
558
559 1288
560 972
561 99 555 2417
562 775
563 1031 1370
564
565 5 437
566 365
567 1116
568 662
569
570
571
572
573 471
574
575 2365
576 66 418
577 1841
578 951
579 1951 862
580
581 1879
582 532
583
584 24 174
585
586
587 814
588 1507
589
590 120
591 2480 2133
592
593
594 1832
595
596 592 1918
597 703
598 1216
599
600
601 1648
602
603 1993
604 889 994
605 1411 2319
606 2329
607
608
609
610 330 309
611 1598 1606
612 777 375
613 312 1699
614
615
616 297 338
617 560
618
619
620 573 475
621
622 1044 2143 1575
623 765 395 835 1271
624 917
625 1792
626
627
628
629 158
630 1243
631 1733
632 1529
633 1525
634
635
636 2268 1799
637
638 251
639 1628 1163
640
641
642 1531 429 419
643
644 1320 1093
645 568 1651
646 278 1057
647
648 702 557
649
650
651
652
653 1634 720 2410 2461
654 1176
655
656
657 1300
658 2067 235 352
659 914
660 117 150
661
662 1240 1840
663 388 875 1285
664 2260
665 2348
666 414 1778
667 986 1170
668 695 539
669 1555 1801 548 1538 1730
670
671
672
673
674
675 2068
676 425 750
677 1073 28
678 1975 1208 1961
679 1265 2283
680 1467 1779
681 659 1380 1935
682
683 2481 1008 2385
684 2112
685
686 223 1624
687 776
688
689
690 1448
691
692
693 561
694
695 826 1474
696
697 2075
698
699 508
700 1166
701
702 359 2140
703 1543
704 221
705 754 1626
706
707 1771
708
709 411
710
711 31 1127
712
713 43
714 543
715
716
717 427 876
718 2281 317
719
720 357
721 1496 1398
722 204
723
724 15 1869 1878
725
726 1391
727
728
729
730
731
732 979 1924
733
734
735 913
736
737 2123
738
739 990
740
741 479
742 1508
743 1527
744 1217
745 706
746
747 1407 2407
748 2298
749 860 2043
750
751 2177 426 649
752
753 674
754
755 1247 705
756 142
757 980
758
759 516
760 145
761 976
762 795
763 998
764 1063
765 75
766
767
768
769 2368
770
771
772 1139 2196
773 685
774
775 76 597 1070 1397
776 148
777 454 1129
778 102
779
780 1174
781
782
783
784
785 584
786 1469 931
787 1753
788
789 799 1102 1140
790 2074
791 2413
792 131 755
793 2160
794 1956
795
796 389
797
798
799
800 1693
801
802
803 1945
804 1556 1973
805 213 455
806 1920
807 642 2313
808
809 1457 2034 2194
810
811 1223 2341
812
813
814
815
816
817 2238 2431
818 1028 2490
819
820 1964
821 2419
822 49
823
824
825 849
826 1645 1097
827 1426
828 529 1304
829
830
831 361
832 2223
833
834
835 2458
836 2340
837
838
839
840 955 329 2315
841 270
842 195 433
843 156
844
845 16 2356
846 1999
847
848
849 1436
850 644
851 261
852 1666
853
854 610 147
855 1932 658 2380
856 2307
857
858 2008 598 1602
859
860
861 2466
862 1346 1621 2289
863
864 1581
865
866
867 1718
868
869 1069 141
870 1441
871 1472 1169
872 262 1757
873 2103
874 2496
875
876
877 95 124 1039
878 1978
879
880 1373 1290
881
882
883 360
884 2164
885
886
887
888
889 320 2447
890
891
892
893
894
895
896
897
898 1282
899
900
901 1224
902 2241
903
904 430 661
905 402
906
907
908
909 4 1405
910 515 313
911
912 1627 1738
913 848 1959
914 892
915
916 2017
917
918 1388 977
919
920 992 1309
921
922 50 1281
923
924 2190
925
926 266
927 254 2320 2423
928
929
930 1910
931 1421
932 865
933
934
935
936 1727
937 2147
938 859
939
940
941 2470 96 1812 821
942
943 1594 2009
944
945 2155 2208
946
947 912
948 534 813 1428
949 1640
950
951 1193
952
953 2205
954 1882 609
955 2036
956
957 2153
958 2415 879 960
959
960
961
962 735 800
963
964 108
965
966 594
967
968 62 2400
969
970 1702 569
971
972 1106
973
974 704 2327
975 1238
976
977 1126
978
979
980 61
981 1767 2485
982
983 1066 2416
984 260 378 2448
985
986 1689 1729
987
988 44
989
990
991
992 1955
993 944
994
995 1537
996
997 910 2420
998 122 1701 2459
999
1000 2300 1647 2358 1541 1941
1001
1002 1612
1003 1033
1004
1005 637 1998
1006
1007 84 857
1008
1009 1041 1318
1010 73
1011 1986
1012 1875
1013
1014 311
1015
1016 796
1017
1018
1019
1020
1021 487 627 1528 2122
1022
1023
1024 827
1025 1915
1026 1085 1269
1027
1028 1971
1029 547
1030 53 2497
1031 340 2384
1032 22 1200
1033 1597 2372
1034 1451
1035 1487 1769
1036
1037
1038
1039 1896
1040 784
1041 905 1931
1042 882
1043
1044 189 209
1045 2114
1046 1720
1047 355
1048 729 1100
1049
1050
1051 1 669 684 2109
1052 2066
1053 1461 1263
1054 1854
1055 397 1558 2026
1056 1809
1057 1906 1287
1058 1294
1059
1060 838 2477
1061 811 2308
1062
1063 461 746
1064 1245 731
1065 1311
1066 1384
1067 2304
1068
1069 1636 1111 903
1070
1071
1072
1073 2154
1074 1502 1204
1075 1026 2287
1076
1077
1078 154 1024 2229 1601 2266
1079 484 2217
1080
1081 1479 1608 933
1082 611
1083 499
1084
1085 446 2004 1147 1968
1086 763
1087 657 2404
1088
1089
1090 265 2330
1091 2395 2141 2499
1092 1382
1093 2173
1094 69
1095 79 580
1096
1097
1098 634
1099 900
1100
1101
1102
1103
1104 556
1105
1106
1107 2195
1108 1873
1109 1746 531 400
1110 2215
1111 2149 1819
1112 333 488
1113
1114
1115 1445
1116 1938
1117 420 517 1673
1118 2451
1119 1295
1120 1493
1121
1122
1123
1124 1389 938
1125 2204
1126 100
1127 924 2371
1128 1114 1580
1129
1130 694
1131
1132 1530
1133 106
1134 1434 1944
1135 552
1136 756 1145
1137 1110
1138 305 1605
1139
1140 2099
1141 26 491 327
1142 220 1505
1143
1144 1360
1145 1444
1146 1340 1724
1147 683 1319
1148 2411
1149
1150
1151 473
1152 1227
1153
1154
1155 325
1156 1064
1157 1427 1364
1158 2467
1159 1222 886
1160 1681
1161
1162 1798 1881 678
1163 1856 1763
1164 2405
1165
1166 2302
1167 894
1168
1169 2158
1170
1171 918
1172 1997 629
1173 878 868
1174 676
1175 346 1585 1803
1176 2
1177
1178 1719
1179 1679 205 1715
1180 2152
1181 112
1182 2129 572
1183 482 1188
1184 2055
1185 1214 939
1186 1751 1393 1119
1187 169
1188
1189 1324
1190
1191 650
1192 930
1193 805
1194
1195 2132 2047
1196
1197 1273
1198 1092
1199 299
1200 1252
1201 2161 1359
1202 2236
1203
1204
1205 37
1206 769
1207 1553 1619
1208 2333
1209 1739 1789
1210 506 1652
1211 603
1212 1286 2366
1213 1806 2443
1214 701
1215 1587
1216 2227
1217
1218
1219
1220 1947 807
1221 2258 1091 2256
1222 462 620
1223 855 48
1224
1225 331
1226 1994
1227 692
1228 483
1229
1230
1231 1890
1232 1034
1233 201
1234 1401 2093
1235 945
1236
1237
1238
1239
1240
1241
1242 2096 1790
1243
1244 1772
1245 40 157 2253
1246 967
1247 2310
1248 2386 166
1249 2418 2040
1250 1040
1251 2323
1252 123 1813
1253 2428 716
1254
1255
1256 1017
1257 2218 1278 2434
1258
1259
1260 1713
1261 794 985
1262 70 2184
1263 1911 2050
1264 836
1265 578 671
1266
1267
1268 579
1269 2056 377
1270 2493
1271
1272 1976
1273 877 2421
1274
1275
1276
1277
1278 1050
1279 2263
1280 1207 1623 730 987
1281 2073
1282 1876
1283 89 410 1574
1284 617
1285
1286 1545
1287 2488
1288 549
1289
1290 940 1744
1291 1658
1292 2328
1293 259 1440
1294 1215
1295 509
1296 2146
1297 137 246
1298 1123
1299 2085 1691 764
1300 950
1301 722
1302
1303 1115 1466
1304 1880
1305
1306 1074 351 1396 2060
1307
1308 2171 1236
1309 1646
1310 67 1291
1311 1877
1312 348 1016 2249
1313
1314 2111 277
1315 2005
1316 1511
1317 2016
1318 2027 281 2042
1319
1320 240 1578
1321 417
1322 1268
1323 161 175 2412
1324 443 1536 2126
1325
1326 751
1327
1328 1266
1329 263
1330
1331 1952
1332 1516 934
1333 625
1334 2235
1335
1336 1350
1337 25
1338
1339 424
1340
1341 571
1342
1343
1344
1345 1596
1346 740 891
1347
1348
1349 920 1256
1350
1351 867 2216
1352 2296
1353 109
1354 1979 412 595
1355 2199 237 893
1356 2098
1357 672
1358
1359 1600 2145
1360 168 2378
1361 1136
1362 682
1363
1364 1335
1365
1366
1367
1368
1369 1894 2269
1370
1371 2206
1372 1940
1373 56
1374 1179 1687 1569
1375
1376
1377
1378
1379 2297 1367
1380
1381 1905
1382
1383 212
1384 385
1385
1386 2463
1387 132 342
1388 1299 32 929
1389 983 1284
1390
1391 2357
1392 477 1371
1393 190
1394
1395 782
1396 545 697
1397
1398
1399 1852
1400 2347
1401
1402 54
1403 590
1404 423
1405 1563
1406 958 1770
1407 1694 1635
1408
1409 59
1410 688 1149 1705
1411 852
1412 41
1413
1414 1125
1415 606 1446 1510
1416 1717 324 374
1417 2457
1418 2471
1419
1420 214
1421 1353
1422 498
1423 1253
1424
1425 747
1426
1427 1950 87
1428
1429
1430 926
1431 380
1432 65 447
1433
1434 1225 2002
1435 1369
1436 2277
1437
1438 525
1439 1143
1440
1441 1967
1442 101
1443 2433
1444
1445 39
1446 264 285
1447
1448 1239
1449
1450 2201
1451 2332 957
1452 239 619
1453
1454 1519
1455
1456
1457 843 2432
1458 700
1459 1283
1460 1714
1461 170 528 1807 1042 1506
1462
1463
1464
1465
1466 2115
1467
1468
1469 80
1470 1374 1101
1471
1472 146
1473 2337
1474 1468
1475 1454
1476 1542 1672
1477
1478
1479 468 638 691 1849
1480
1481
1482
1483
1484 1884
1485
1486 1848 1310 536 1004
1487 1402 1796
1488
1489 653 975 1463
1490 1784 172 1159
1491 2087 1766
1492 576
1493
1494 921
1495 622 1710
1496 494
1497 321
1498 605 648
1499 1465
1500
1501 2015
1502 538
1503
1504
1505
1506 1903
1507 1206
1508 1845
1509 1904
1510
1511 502
1512 1815 2022
1513
1514 2476 130 2293
1515
1516 984
1517 234
1518
1519
1520 1765
1521
1522 2388 1165
1523 767
1524
1525
1526
1527 558
1528
1529
1530
1531 51 1912 107
1532 451
1533 2403
1534 1377
1535
1536
1537 1864
1538
1539 1251 1262 1957
1540 81
1541
1542
1543
1544 1189 1055 2398
1545 449
1546 2427
1547 1275
1548 463 2324
1549 906
1550
1551 1704 1734
1552
1553 33 1483
1554
1555 326 1996
1556 458 1276 2362
1557
1558
1559 457
1560 289
1561 760
1562 1168
1563 1280
1564
1565
1566 601
1567
1568 1045
1569 1974
1570
1571 840 1250
1572 2051
1573
1574
1575
1576
1577
1578
1579 1124
1580
1581 587 898
1582 1642
1583
1584 1220 2023 1641
1585
1586
1587 1248 1062
1588 1083 575 1241
1589 369
1590 2166 2425
1591
1592 2254 728
1593 1362
1594 1148
1595 110
1596
1597
1598 1960 467
1599 202
1600
1601
1602
1603
1604 582 218 628
1605
1606 1202
1607 565 660 1793 2151
1608 2113 2120 1741
1609 771
1610 118 1400 2102
1611 762
1612
1613
1614
1615
1616 114 773 2219 2285
1617
1618
1619 1638 476
1620 995
1621 971
1622
1623 2116
1624 655 1234 1258
1625 693 1356 1107
1626
1627 2044
1628 8 1983
1629 748
1630 1412
1631 78
1632
1633 345
1634 2402 928
1635
1636 1782
1637
1638 2375
1639
1640
1641
1642 1409 469 1006 2479
1643 1532 486 2344
1644 1007
1645 2212
1646
1647 1078 2445
1648 1946
1649 956
1650
1651 2367
1652 2108
1653
1654 2491 2322
1655
1656 663
1657 384 232
1658
1659
1660
1661 1023 1071 1614
1662 2464
1663 2280
1664
1665 2188 2024
1666 1671
1667 72 1219
1668 2210 583
1669 741 1660
1670 1749 1867
1671 1937
1672
1673 2279 788
1674
1675 1883 2309
1676 1104 1573
1677
1678 953
1679 787
1680
1681
1682 2364
1683
1684 1118 1688
1685 1722 399 1270
1686
1687 2163 518 727
1688
1689 858 1665 230 272 521 1842
1690 1522
1691 115
1692 282 432
1693
1694 164 2012 1351 140
1695 816
1696
1697
1698 181 2029
1699 1232
1700 2231
1701 167
1702 2306 2121 1788
1703 27 824
1704 1414 2351
1705 1279 1480 1603
1706
1707
1708 872 1980 1726
1709 1419
1710
1711
1712 1417 1653
1713
1714 828
1715
1716
1717 2077 2472
1718 428
1719
1720
1721
1722 9 187
1723
1724
1725 1629 335
1726
1727
1728 495
1729
1730
1731 1829
1732 530
1733 1452
1734
1735 125
1736
1737
1738
1739 2037
1740
1741
1742
1743 71
1744
1745
1746 909 1184 550
1747
1748 1415 1456
1749
1750 896 1711
1751 1322
1752 1130
1753 1361
1754 801
1755 2049
1756
1757 962
1758 654
1759 825
1760 227
1761 952 1038
1762 1780
1763 1348
1764 639 559
1765 1072
1766 441
1767 2128
1768 915
1769 1131 1338
1770
1771 258
1772
1773 778 636 1591 2076
1774
1775
1776 2084
1777 379 1431
1778 1857 2200
1779
1780
1781 1684 1649
1782 520 1630
1783
1784 1272
1785 1249
1786 328
1787 1406
1788
1789
1790
1791 55
1792 406
1793 1293
1794 809
1795 1859
1796
1797 743 2065
1798 1492 2088
1799
1800
1801 184
1802 179 2138 1889 2079
1803
1804
1805 1195 438 500
1806 883 1289
1807 698
1808 1954 1747
1809 2349 812 1036
1810 2311
1811
1812 846 191
1813 2063
1814 17 562
1815 238 1196
1816 621
1817 768
1818 907
1819 2170
1820 35 717 978
1821
1822 1930 1576
1823 1834
1824 290 2484
1825 1969
1826 989
1827
1828
1829
1830 217 923 1661
1831
1832
1833
1834
1835
1836 1839
1837
1838
1839
1840
1841 1327 2262
1842
1843 292 376
1844 2335 2094
1845
1846 283 1410
1847
1848 1133
1849
1850 1913 2401
1851 1185 1564
1852 1523
1853 2174
1854
1855 2234
1856 390 965
1857
1858 1844 973
1859
1860 1988
1861 667
1862 1622
1863
1864
1865 1103
1866 1060 1549
1867
1868 1443 2409
1869
1870 138 315 2091
1871 922
1872
1873 242 391
1874
1875 2469
1876
1877
1878
1879 1420 1586
1880 540
1881 94
1882 2072 6 1707
1883 18
1884 626 2478
1885
1886 1183
1887 758
1888 511 2441
1889 318 1264 2251
1890
1891 243
1892 236 615
1893
1894
1895
1896 2492
1897 386 464 1632
1898 1470 823
1899 129
1900
1901
1902
1903 1198
1904
1905 1805
1906 358
1907 1862
1908
1909 1758 490 1618
1910 396 1781 198
1911 203 1656
1912 1743 1164 1888
1913
1914
1915 675 2475
1916
1917
1918 1712
1919 2291
1920
1921
1922
1923 453 1292 803
1924
1925 503
1926 1135
1927 1390
1928
1929
1930 1464
1931 1514 1482
1932 1035 2019
1933 2028
1934 699
1935 1823
1936
1937 11 2353 1029
1938
1939 1315
1940
1941
1942 2292
1943 308 2168
1944 1277
1945
1946
1947 241
1948 2264 749
1949
1950 1186 2456 1966
1951 2038 2186 1570
1952 2342
1953 623 1494
1954 2213 1450
1955
1956
1957 707
1958 1303 2107
1959 1808
1960 2052
1961
1962
1963
1964 480 1824
1965 869
1966
1967 1490 334
1968
1969 1095 182
1970 222 1936
1971
1972 1750
1973
1974 541
1975 544 1768 1231
1976 968 2346
1977
1978 1970 2221 1357
1979 1094 1566
1980 1703 2090
1981 1489 512
1982
1983 1012
1984
1985 113 834
1986 301 2187 1927
1987 880
1988 1552
1989 322 36 535
1990 1863
1991 2240
1992 82 1683
1993
1994
1995
1996 303
1997 2424 2001
1998
1999 1735 496 574
2000 460
2001 245 2352
2002
2003 1459 631
2004 1561
2005
2006
2007 288 2325
2008 2014 726
2009
2010 1908
2011
2012 12 1907
2013
2014 1987 2252
2015 165 600 942
2016 1592
2017 86
2018
2019 1113
2020 1052
2021 248
2022
2023 103
2024
2025
2026 1885
2027 1162
2028 1383
2029 1158
2030 786 1142
2031
2032 2183
2033 481 1762
2034
2035 1462
2036 1595 249 1567
2037
2038 1794 1455
2039 1828
2040 739
2041
2042
2043 1368 1709
2044
2045
2046 1654 947
2047 440 1137
2048 1153
2049 646 1791
2050 1786
2051
2052 413 1404
2053 1381 1871
2054 519 1752
2055 180
2056 1056 1408
2057
2058
2059 1181 2243
2060 949 2237
2061 349 63
2062 959
2063
2064 1352 679
2065 1554
2066 280
2067 58 2059
2068 1836
2069 551 1748 851
2070 1990
2071 1175 1342
2072 1061 247 832
2073
2074
2075 696
2076
2077 1432 1460
2078 1190
2079 1670
2080 2189
2081
2082
2083
2084 1501 1105
2085 1144
2086
2087 139 2305
2088 1497
2089 1025
2090
2091
2092 200 1120
2093
2094
2095 1230
2096 298
2097 2440
2098 497
2099 1226
2100
2101 1620
2102 2080
2103 2150
2104
2105 287
2106
2107
2108 1372 2261
2109
2110 1495 1831
2111 1892 1611
2112 1301
2113 470 2379
2114
2115
2116 2167
2117
2118 279
2119 439
2120 1504
2121 1754
2122
2123 2257
2124 1989
2125 273
2126
2127
2128 1677
2129 173
2130
2131
2132 226 1458
2133
2134 2303 1851
2135
2136 256 398 436 1833
2137 350
2138 162 2039
2139 596
2140 1082 513
2141
2142 927
2143 1546
2144
2145
2146 1395
2147 1000
2148
2149 904
2150
2151
2152 711
2153
2154 954 407
2155
2156 1616 362 2105 1333 818
2157 1392
2158 881
2159 1909 822 1517 1761
2160 709 1664
2161 670
2162 1795
2163 1897
2164 1254
2165 294 1203
2166 1818
2167 74 452 2179
2168
2169 171 2345
2170 1261
2171 2286 1695
2172 1692 2101
2173
2174
2175
2176 1086
2177 1171 2169 1134
2178
2179 1099
2180 723 1759
2181 295
2182 1363
2183 2018
2184
2185 742 1853
2186 1048 1043
2187 1590
2188 1317 1669 2489
2189 2275
2190
2191 1079
2192 366
2193 618
2194
2195
2196
2197 128 1221 501 736 2377
2198
2199 1192 1437
2200
2201
2202 2057
2203 586 1609
2204 792
2205
2206 2373
2207
2208
2209
2210 1544
2211
2212 208
2213 1237
2214 116 450
2215
2216
2217
2218 1777
2219
2220 448 1013
2221 1579
2222 1503
2223 1424
2224 1152 2010
2225 1535
2226
2227 564 1068
2228 160 1865
2229 2225
2230
2231 1477
2232 88 229
2233
2234
2235 1344
2236 1835
2237
2238 1430
2239 2106
2240
2241
2242 14 381
2243
2244
2245 690
2246 1313
2247 1298
2248 1418
2249
2250
2251
2252
2253 336 770
2254 1925 1557
2255 293 1167 1929
2256
2257
2258 45 2408 766
2259 252
2260
2261
2262
2263
2264 677
2265 2455
2266
2267 1981
2268 1076
2269
2270
2271 1109 1306 183
2272
2273 60 3
2274 219 2162
2275 895
2276
2277
2278
2279 614
2280
2281 1326 46 1593 1447
2282
2283 844
2284 721 7 1297 523
2285
2286 2092 1943
2287 1513
2288
2289
2290 1775
2291 1891 2007 2033
2292 577
2293
2294 884
2295 651 2331
2296 316
2297 772
2298 371
2299 1211
2300 1242 1625
2301 1178
2302 781
2303 186 864
2304 1090 1674
2305 415 1336
2306 133
2307 211
2308
2309
2310 988
2311
2312
2313 300
2314 1830 1676 1984
2315 1054
2316 1870
2317
2318 970 1837
2319
2320 1151
2321 505
2322
2323 1180 144
2324
2325
2326
2327 2336
2328 134 2228
2329 1899 932 1736 2399
2330
2331
2332 431 1088
2333
2334 1213 2048
2335 1644
2336 890
2337 1316 493
2338 943 1639
2339
2340 1637
2341
2342
2343 2061 2220 757
2344 1201 761
2345 2294
2346
2347 97 2207
2348 1442
2349 1355 566 1568
2350 1868
2351 1858
2352 2436 2203 2230
2353 34 143
2354
2355
2356 136
2357 996 2198
2358 1274
2359 680
2360
2361 686 1700
2362
2363 997 225 1413
2364 435
2365
2366
2367
2368
2369 343
2370 2119 1800
2371
2372
2373
2374
2375 916 2389
2376 1329 269
2377
2378 1197
2379 1229
2380 1721
2381
2382 2267 2021 1804
2383 383
2384
2385
2386 1923 2003
2387
2388 652
2389
2390
2391 2046
2392 1992
2393 993
2394
2395 1745
2396
2397 10 2000
2398 783
2399
2400 403
2401
2402 185 121 969 1533 1916
2403
2404 1358
2405 820 1526
2406 489
2407 1332 2444
2408 1698 1500 1515
2409
2410 1027
2411 785
2412
2413 831
2414
2415 810
2416 2290 2135
2417
2418 708
2419 2097
2420
2421 2487
2422
2423
2424 2437
2425 2081
2426
2427
2428 537
2429 1053
2430 2318
2431
2432
2433 472
2434
2435
2436 1438
2437 23
2438 2282
2439
2440 624
2441 2209
2442 57 789 853 1650
2443 1337
2444
2445 613 802
2446
2447 1887 1349 1485
2448
2449 1942
2450
2451 1182
2452 2284 216 2390
2453 104
2454 492
2455 941 1934 2054
2456 1797 2035 1874 2396
2457
2458
2459
2460
2461 2354
2462 1572
2463
2464 1312
2465 2406 250 863
2466
2467
2468 1633 567
2469 2376 1972 963 1121
2470 196 2070
2471 1810
2472 715
2473 1011
2474 2202
2475
2476 2053
2477
2478
2479
2480 394 925 981
2481 373 599
2482 194 2157 1900
2483 1963
2484 2086
2485 2148
2486
2487
2488
2489 1065 1939 1991
2490 1439
2491 42
2492
2493
2494 854 2083
2495 405 1128
2496
2497 286
2498
2499
