#/Users/schmidt73/Desktop/fastppm-data/bin/simulate.py --mutations 500 --samples 3 --coverage 1000 --seed 3 --output sim
# GMT Fri Sep 13 14:25:01 2024
# 
0 146 34
1 363 354
2
3
4 27
5 496
6 50 69
7
8
9 396
10 8 453
11
12
13 239
14 123
15
16
17
18 342
19 321
20 301
21
22 472 270 331
23 325
24 116 362
25 353 475
26 440
27 245 431
28 188 243
29
30 408
31 91
32 244
33 28 493
34 380 490
35 151
36
37 205
38 359
39
40
41 260
42 150
43 1 185 314
44 18
45
46 290
47 12
48
49
50
51 439
52
53 17
54 399
55
56 367 411
57 67 427
58 249
59 471 184 378
60
61 139 441
62 248 468
63
64
65 336 498
66
67 481 164
68 58
69 87
70
71 499
72 464
73 121 223 467
74 4 93
75
76 403
77 233
78
79 240 257
80
81 395
82
83 271
84
85 5 44
86 294
87
88
89 98 413 474
90 272 485
91 497
92
93 461 115 323
94
95 81 197
96 350
97
98 306 277 167 133
99 446
100
101
102 460 264 174
103 225 266
104
105 443 75
106 180
107 92
108
109 360 230
110
111 126
112 170
113
114
115 100
116 104
117 494 434
118 423
119 43
120 407
121 465 129 142
122 125
123
124
125
126 477
127 16
128 152
129
130 171 492
131 278 358 383
132 203 212
133 117 219
134 200
135 235
136
137 435 344
138
139
140 73 54 375
141 478
142
143
144
145 349
146 348 210
147 138
148 486 144
149
150 182
151 318
152 131
153 352
154
155
156
157
158 286
159
160
161
162 40 147 430
163
164 84
165 108
166 469
167 20
168 65 429
169
170 140 35 228
171 241
172 149
173 175 287 347
174 458
175 11
176
177 195 61
178
179
180
181
182 484
183 340
184 391 489
185 211 215 252
186 153 303
187 386
188
189 193 299
190
191 134 259 351
192
193 370
194 221 470 419
195 322
196 56 425 387 454
197 285
198 357
199 281 421
200 447 106 449
201 256 120
202
203 30
204
205
206
207 99 417
208 23 33 161
209 276
210
211
212
213 410 231 156
214 258
215
216 405
217 46 168
218 216
219
220
221 53
222 31
223
224 114 263
225
226 59
227
228
229
230
231 165
232 77
233
234
235 163
236
237
238
239 393
240 217 3 62 173
241 127
242 300
243
244
245 254
246 234
247 382 94
248 6 455 155 381
249
250 337
251 95 457
252 284
253 178
254
255 90
256 19 64
257 392
258 196 466
259 479
260 488
261 333
262 265 390
263
264 10 476
265 204
266
267 176
268 7 112 42
269 71 24
270
271 105
272
273 47 97
274 38
275
276 364
277 261
278
279 343 305
280
281 137 13 436 274 218
282 376
283 311
284
285
286 130 289
287 246
288 326 297
289
290 400 309
291
292
293 214
294 26 169 355
295 183 365
296 236
297 291
298 206
299
300 72 409
301
302 143
303
304
305 80 316
306 199
307 41 122
308 83
309 158
310
311
312 68
313 339 366 491
314
315
316
317 388 157
318
319 428 226
320
321
322 319 238
323 377
324 141
325 128
326 63
327
328 415
329 96
330 191
331
332 279 82
333 335 201 39 394 412
334 208 118 60
335 295 162
336
337
338
339 224 296
340 25 310
341 328 438
342
343 37
344
345 103
346
347
348 324 288
349 74 452 374
350
351 283
352 132 422
353 482 194 346
354
355 338
356 207
357 227
358
359 177 402
360 371 330 181
361
362
363 166
364
365 135 302
366 298 444
367 79 317
368
369 293 356
370 9 280
371 148 420 209
372 14 414
373 89
374
375 416
376 373
377
378
379 213 154
380 159 432
381
382 186
383
384 86 36
385
386
387 268
388 329
389
390 459
391 192 250
392 247 320
393 307 424
394 202 327
395
396 187
397 88
398 389
399
400 119 404
401 172 304 483
402
403 313
404 232
405 52 315
406 15
407 237
408
409
410 341 406 242
411
412
413 253
414 255
415 109
416
417 124 220
418
419
420 473
421
422
423 29
424
425 51 102
426 70
427
428 45
429 275
430
431 462
432 437
433 48 107 198
434
435 145 456
436 222
437 385
438 332 433
439 379 76
440 269 451 345
441 179
442 334
443 55
444
445
446 312 487
447 57
448
449
450 292
451 308
452 136 267
453 463
454 189 368
455 78
456
457
458
459
460 282 273
461 66
462
463 251
464
465 21 361
466
467
468 22 384 445
469 113
470 418
471 110
472 111 190
473 372
474
475 450
476
477
478 369 480
479 397 401
480 160
481 49
482 85 32
483
484
485
486 2
487 229
488 262
489 398
490 448
491
492
493
494 426
495
496 101
497
498
499 442 495
