#/Users/schmidt73/Desktop/fastppm-data/bin/simulate.py --mutations 500 --samples 3 --coverage 100 --seed 16 --output sim
# GMT Fri Sep 13 14:24:58 2024
# 
0 282 10
1 17 452
2
3
4
5 215
6 195
7
8 261 167
9 467
10
11 28 185
12 7
13 409 408
14 302
15 488
16 266
17
18
19
20 446
21
22 263
23
24 319 458
25 47 204 479
26 438
27 354
28 368
29 236 265 407
30 80 338
31
32 132 268
33
34 62 496 129
35
36 102
37 113 253 486
38
39
40 454
41 421
42
43 77 168 299
44 420
45 76
46 214 241
47
48 184
49 61 178
50 395
51 490
52
53 188 375
54 29
55 370
56 448 379 165
57 122 358
58
59
60 436
61
62 93 107
63 33
64
65 450 95
66
67 116
68 279
69 293 30
70 378 406
71
72 349
73 192 415
74
75 22 246 139
76 433
77 159
78 428
79 470 166 491
80
81 86
82 350 124
83 456
84 219 493 330
85
86
87 32 152 186
88 478
89 216
90
91 472
92
93
94
95
96
97 182
98 203
99
100 303
101
102
103
104 360
105 142
106 369
107
108 88 402
109 332
110
111 13 26
112
113 437
114 399
115
116 125
117
118
119
120 419
121
122 240
123
124
125
126 11
127
128 5 52 237
129 232 445
130 146
131
132 351 164
133 137 154
134 94
135 362
136
137 309
138 44 301 388
139 484
140 255 187
141 382 326
142
143 292 191 59
144 339
145 16
146 235 175
147
148 352
149
150 67 316
151
152
153 111
154 337
155 387 300
156 68
157 482 453
158
159 494
160 18
161 413
162
163 134
164
165 158 466
166 390
167 353
168 392
169 248
170 315
171
172
173
174 46 324
175 108
176 273 197
177
178
179 427 254
180 335
181
182 321
183
184
185 363
186 434
187
188
189 218 307
190 355
191 36 239
192 227
193
194 211 441
195
196
197 156 171
198 149
199 75
200 311 249 210
201 465 440
202 45
203 172
204
205
206 372
207 69
208 425 304 439
209 31
210 460
211 50
212 220
213 144
214 283
215 170 138
216
217
218 117
219
220
221 451
222 288 79
223
224 333
225 85 457
226 74
227
228 208 272
229
230 90
231 205 256
232
233 377 442
234 147 426
235 222
236 37 66
237
238
239
240 374
241
242 322
243
244
245 340 119
246 23 274 344
247
248
249 325 295
250
251 57 366
252
253
254
255 9 198
256
257 327 310 347
258 312
259 481
260
261 176
262
263 284 20 169
264
265 63
266 228 96
267
268
269
270
271 87
272 190
273 72
274 202
275
276 183
277 306
278 27
279 24 336
280 55
281 115
282 280 361 498
283 1
284 160
285
286
287 70
288 258 270
289 12 444
290
291 313 82
292 393
293 15
294 231
295 101
296 264 373
297 343
298 199
299
300 267
301 314
302 449 417
303 92 376
304
305 181
306
307
308
309 64
310 89 305
311 174
312 3
313 143 141 34 410 193
314
315 19
316 385
317 463
318 475
319 323
320
321 234 431
322 145
323
324 148
325 329 298
326 163
327 206 118
328 435
329 2 257
330
331 495 483
332
333
334 345 6 180
335 285
336 422
337
338 447
339 153 58
340 499
341 97
342 110
343
344
345 128
346
347 135
348 179 386
349 51
350 209
351 331
352 412
353
354 424
355 14 367
356
357 289 131
358 364
359 294
360 384
361
362
363 317 177
364 196
365 492 103
366
367 296
368 65 53
369 405 213 243
370 462
371
372 140
373 477 400
374 221 269
375
376 489
377 8 381
378 348 471
379 476
380
381
382 54 262
383 112
384 432 430
385 123
386
387 39 281 459
388
389 365
390 404
391 83
392
393 469 461
394
395
396 443 48
397 416 429
398
399
400
401 126 251 473 320
402 60
403 157
404 136
405 41
406
407 49 91
408
409 25
410 287 121
411 247
412 244
413 230
414 290 398
415 487
416 485 106 109 162
417
418 480
419 341 229 297
420 194 84 120
421 396
422 81 418
423 114
424
425 403
426
427 259 359
428
429
430
431
432 278
433
434 224
435
436 238
437 468 276 212
438
439
440
441
442 100 105
443 242 464
444
445
446 78
447 225
448 150
449 40
450 207 38 223
451
452
453 133
454 250
455
456
457 151
458
459
460 271 394
461 104
462 397 411
463 21 35 189
464
465 401 391 127
466
467 291 245 217 414
468 334
469 130 71
470 357
471
472
473 226 277
474 233
475 42 252 286 356
476 99 371
477 346
478 43 155
479
480 342 260
481 73 98
482 4 423
483 455
484 308
485 497
486
487
488
489
490 200
491
492 318
493 275
494 201
495 56 380
496 161
497 474 173 328
498
499 389 383
