#/n/fs/ragr-research/projects/fastppm-data/bin/simulate.py --mutations 500 --samples 3 --coverage 100 --seed 15 --output sim
# GMT Sun Oct 13 15:00:29 2024
# 
0 453 7
1 76 446
2 97
3 152
4
5 462
6 250 30 490
7 218
8 278 119
9 380
10
11 193
12 470 410
13
14 223
15
16 88
17
18 485
19 334
20 109
21 368
22 418 111
23 87 98
24
25 61
26 465 48
27 440
28 59 67 282 428
29
30 219 253
31 208 420
32
33 206
34
35
36
37 29 352
38
39 353 138
40
41 51 345 302 251
42 384
43
44 130
45 5
46 173
47 303
48
49
50 224
51 301
52 493
53 26
54
55 184 283
56 319
57
58 341 72
59 45
60
61
62
63 6 489 155 281
64 232 86 178 264
65
66 68
67 376
68 318
69 343
70
71 403 472
72 293
73 118
74 400 168
75
76 279 340 426
77 492
78 338
79 213 299
80 263 276
81
82 190 297
83
84
85 42
86 451
87 306
88 39
89
90
91
92 19
93 37 116
94
95
96 140
97 249 422
98
99 85 156
100
101 271
102
103 480 310
104 172 357 412
105 246
106 463 216
107 469
108 28 159 311
109 409 191
110 231 128 362
111 89 179
112 132
113 180
114 220 457
115
116 204
117
118
119 122
120 10
121
122 31
123 78 274 147
124 269 394
125
126 71 79
127 455
128 401
129
130 391 127
131 11
132
133 247
134
135 58
136 417 225
137 131 448
138 243
139 441 157
140
141 266
142 13 226 238 151
143 348
144 373
145
146 259 328
147 185
148
149 34
150 258
151
152 210
153
154 449
155
156
157
158 433
159 402 277
160
161
162
163 300
164 366 56
165 244 265
166
167
168
169 203 473
170 194
171
172
173 115
174
175 423
176
177
178 261 166
179
180 200
181 456
182 43 65
183
184 395
185 186
186 163
187 183
188 324
189
190
191
192
193
194
195 390
196
197 471
198 240 416
199
200
201 73 141 260
202
203 255 17
204
205 198 484
206 497 280 307
207 41 55 431
208
209 222 211
210 367 189
211
212 103
213 379
214 49 444
215
216 491
217
218
219
220 285
221
222 169 313
223 452
224
225
226 57 398
227 181
228 36
229
230
231 63
232 365 454 270
233 96 254 330
234 445
235 425 331 217
236 143
237 102 171
238 435
239 466 221
240 488
241 339
242 430
243
244
245 99
246 296 329
247 369 475
248
249 228
250 139 364
251
252
253
254
255 106 134
256 154
257
258
259
260 177
261 158
262 295
263 95
264
265
266 327
267 161 377
268 305 495
269
270
271 60
272
273
274 315
275 483
276
277
278 20 32
279 38 262
280 256 290 112 248 304
281 176 257
282 124
283
284 292 174
285 8 322 117
286
287 107
288
289
290 101
291
292 70
293 239
294
295
296 227 148
297
298
299
300
301 1
302 197 479
303 245
304
305 386
306
307 411
308
309 286
310 237 104
311 196
312 320
313
314
315 113
316
317 392
318 21 145 332
319 371 149 47 383
320 355 233
321
322 54 90 404
323
324
325 326 275
326 92 481
327 413 356
328
329
330 363
331 346 170 396
332
333
334 18 234 187
335 458 393
336 474
337 381
338 175
339 105
340 333
341 358 415 429
342
343 35
344 33 419 443
345 487
346 16
347 235 336
348
349 499
350 144 267 273
351
352
353 27
354 201 447
355 40 62
356
357 229
358 137 100
359 44
360 323
361 325 468 406 432
362 375
363
364
365 372
366 195 467
367 126 50 165
368 407
369 66
370
371 421 182 399
372 15 408
373 164 114
374
375
376 354 378 314
377 167
378 252
379
380
381 289
382 294
383
384 160
385
386 22 14 361
387
388 337
389 242 370
390 207
391 25
392 209
393
394 351
395 437
396
397
398
399 83
400 81 212
401
402 268
403 459
404 436
405
406 121
407 3
408
409 77 123
410
411
412
413 125 476
414
415 241 438
416 91
417 12 215
418 347 414 442
419
420
421 9
422 192
423
424
425 120 202
426
427
428
429 450
430
431
432
433 80 230
434 129
435 146
436
437 496
438
439 312 316
440
441 4 478 64 397 461
442
443
444
445 69 272
446 84 427
447 498
448 486
449 317 150
450 291 482
451 460
452 162
453 344
454 284 74 288
455
456 136 349
457 388
458 385 387
459 53
460 24 382 335
461
462 374
463 287 389
464
465 359 434
466 199
467 494
468 94 309
469 2 46
470 142
471 93 321
472
473 110
474
475 439 75 188
476
477 298
478 108
479
480 82 342
481 236
482 308
483 153
484
485
486 405
487 23
488 135 464
489 205 360
490
491
492
493
494
495 52
496 133
497 350
498
499 214 477 424
