#/Users/schmidt73/Desktop/fastppm-data/bin/simulate.py --mutations 500 --samples 3 --coverage 30 --seed 14 --output sim
# GMT Fri Sep 13 14:24:41 2024
# 
0 302
1
2 27 56
3 219 147
4 358
5 138 484 332
6 393
7
8 194 314
9 248
10 199
11 88
12 227
13 57
14 355
15 474 58 84
16 264 144 399
17 123
18 442
19 377
20 180 242
21 208 108
22
23 363
24 325 128
25 440 216
26 105
27 89 126
28 8 160
29 1 432
30 298
31 303
32 339 232
33 279
34 153
35 202 351
36 278
37
38
39
40
41
42
43 258 109
44 51 79
45 284
46 13
47 5 407 402
48 42
49
50
51 32 294 218 254
52 124
53 114 380
54 140
55
56 487 183 250
57
58
59
60 451
61 39
62 238 360
63 357
64 223 164
65
66
67 464
68 54
69
70
71 365 368
72 253 477
73
74 398
75
76 94 132 181
77
78 328
79 272
80 496 197
81
82
83 190 419
84
85 135
86 359 495 395
87 301
88 466 217
89
90 239 154
91 44 215
92 4 394
93 171
94
95
96
97 280
98 228
99
100 131
101
102 403
103 225
104 224 281
105 176 492
106 396
107 305 315
108 290
109 119
110 327 372 367
111 389
112 296
113
114 277
115
116 473
117 186
118 397
119
120 485
121
122
123 375 304 60
124
125 65
126
127 7
128
129
130 322
131 80
132
133 348
134
135 287
136 28
137 265 331
138 252 379 456
139 371
140 452 52 369
141
142 356
143 465
144 289
145
146
147
148
149
150 24 37
151
152 421 423
153 101
154 168
155
156 320 201
157
158 68 55
159
160
161 86
162 306
163
164 479
165
166 53
167
168
169 263
170
171 346 366
172 334
173 471
174 361 475
175
176
177
178 309 414
179
180 3 310
181
182 226
183 476
184
185
186
187 448
188 236
189
190
191
192 15 50 405
193
194 141
195
196
197
198
199
200 157
201 431
202 43 69 70
203 317 172
204 152 439 165
205
206 81
207 381
208 66 261
209
210
211 98
212 26 193
213 420
214 370 192 118
215 38 240
216
217 324 428
218 488
219 350 59
220 145 178
221
222 386
223 16
224 352
225
226 469
227 187 166 117 345
228
229 97 467
230
231
232
233 6
234 343
235 148
236
237
238
239 204
240 282 207
241 478 182
242
243 288
244 198 463
245
246 457
247
248 92 127 45 425
249 76 112
250
251 268
252 411 259
253 213 211 189
254 269 391
255
256
257
258 349 271 342 113 231
259 49
260
261 74 173
262
263
264 100
265 72 142
266 2
267 23 149 247
268 437
269 338
270
271 61 293
272
273
274
275
276 21 137 330
277 125 354
278 326
279 441
280
281
282 188 468
283
284
285 374
286 481
287
288
289
290 115
291 11 461
292 34
293 245 404
294 417 184
295 378
296
297
298 285 482
299
300
301 25 376
302 388 85 234
303 20
304 136 77 170
305
306 449
307
308
309 490
310
311 270
312
313
314
315
316 382
317 64 177 179
318
319 300
320 93 30
321
322 120
323 241
324 206
325 48
326
327 134
328 291 276 36
329 283 416 486
330 191 243 453
331 341
332
333
334 353 480
335
336 139 162 462
337
338
339 362
340 472 111 311
341
342 316 401
343
344 267 329
345
346 266 413
347 14 445 96
348 249
349 344
350 46 103 458 262
351 364
352 75 205 426 446
353 275 460
354
355
356
357 307
358
359 78
360
361
362 295 209
363 340 323
364 229
365 499
366
367
368
369
370 91 333
371 107 390 435
372 286
373 22
374 273
375 251
376
377 384 392
378 387
379 214
380 336 185 195 256
381 447 497
382 443
383 90 87 319 422
384
385 408 321
386 129 429 455
387 450 146 163
388 383 212
389 434
390
391
392
393
394
395
396 130 494
397 174
398
399
400 430 73 244 410
401
402
403 210
404
405 260
406 222
407 10
408 237
409 299
410 308
411 31
412 233 83
413
414
415 274
416
417 406
418 150 427
419
420 292
421 12 122
422
423 82
424 169
425 121 167
426
427
428 200
429
430 470
431 47
432
433 385
434 9 433
435
436 161
437 498 35 491
438 29
439 110
440 116
441 255
442 347
443 71
444
445 95
446 444
447
448 436 335
449
450 493 175
451
452 246
453
454 235
455
456 99 312
457 17 19 313
458 230
459
460 409
461 220
462 483
463
464 63 151
465 221
466 158 489
467
468
469 67 102
470 412 203 33
471
472 156
473 424
474 373 415
475
476
477
478 418
479 159
480
481 155
482
483
484 454
485 400 62 133
486
487 41 143
488
489 104
490 297
491
492 196
493 18 337
494
495 106 318 459
496 40
497
498 438
499 257
