#/n/fs/ragr-research/projects/fastppm-data/bin/simulate.py --mutations 100 --samples 3 --coverage 100 --seed 18 --output sim
# GMT Sun Oct 13 15:00:03 2024
# 
0 78 50
1 7 42
2 13
3 45
4 44
5 23
6
7 37
8 27 47
9
10 82
11 85
12 64 92 73 81
13 14
14
15 71
16
17 11
18
19 9
20
21 69
22 86
23 21 34 74
24 31
25 46
26
27 72
28
29 96
30
31 77
32 87 51
33 75 57 90
34 35
35 33
36
37 89
38 3 54
39 88
40 1 19 56
41
42
43
44
45
46
47
48
49 28 99
50
51 41 91
52
53 24
54 61
55 97 38
56 65
57 98
58 68
59
60
61 4
62 12 32 26
63
64 55 84
65 20 52
66 58
67 36 60
68 67 43
69 70
70 10 22
71 30
72 40 18 49
73 17 25 48
74 83
75 15 53 29
76
77
78 62
79
80 76
81
82
83
84
85 6
86 63
87 39
88 5 95
89
90
91
92 2 93 66
93 94
94 16
95
96
97 8
98 59 79
99 80
